Reader Antennas:	Ant:1	Ant:2	Ant:3	Ant:4	
110110110110110110110110	Sensor2		CC0CC0CC0CC0CC0CC0CC0CC0	RSSI		CC2CC2CC2CC2CC2CC2CC2CC2	RSSI		B4B4B4B4B4B4B4B4B4B4B4B4	RSSI		A2A2A2A2A2A2A2A2A2A2A2A2	RSSI		AD1213014B89578E59000040	RSSI		
124124124124124124124124	RSSI	Sensor1		AD1213014B88DF915E000033	RSSI		AD1213014B89F18F5D000053	RSSI		AD1213014B889F8F5B00002C	RSSI		AD1213014B7BF7905C0000CB	RSSI		AD1213014B89578E59000040	RSSI		CC0CC0CC0CC0CC0CC0CC0CC0	RSSI		CC2CC2CC2CC2CC2CC2CC2CC2	RSSI		
CC0CC0CC0CC0CC0CC0CC0CC0	RSSI		CC2CC2CC2CC2CC2CC2CC2CC2	RSSI		E3E3E3E3E3E3E3E3E3E3E3E3	RSSI		010101010101010101010101	RSSI	Temperature		
888888888888888888888888	RSSI	Sensor1		CC0CC0CC0CC0CC0CC0CC0CC0	RSSI		CC2CC2CC2CC2CC2CC2CC2CC2	RSSI		122122122122122122122122	RSSI	Temperature		
09:39:19,092	0	0	0	-66	-68	-57	
09:39:19,373	-57	1.69473684210526	-57	-58	-47	-49	-65	0	0	
09:39:19,670	0	0	-63	-67	27.43	
09:39:19,952	-53	1575.10080645161	0	0	-49	32.46	
09:39:20,311	0	0	0	-64	-64	-57	
09:39:20,592	-57	1.69473684210526	-57	-59	-46	-49	-65	0	0	
09:39:20,905	0	0	-63	-66	27.61	
09:39:21,186	-53	1587.70161290323	0	0	-48	32.46	
09:39:21,561	0	0	0	-66	-65	-57	
09:39:21,858	-57	1.68766404199475	-57	-59	-46	-49	-66	0	0	
09:39:22,170	0	0	-64	-68	27.61	
09:39:22,452	-53	1568.80040322581	0	0	-49	32.46	
09:39:22,780	0	0	0	-66	-65	-57	
09:39:23,061	-57	1.69473684210526	-57	-59	-47	-50	-66	0	0	
09:39:23,389	0	0	-64	-69	27.61	
09:39:23,670	-53	1568.80040322581	0	0	-49	32.46	
09:39:24,061	0	0	0	-66	-66	-57	
09:39:24,389	-57	1.69473684210526	-57	-59	-47	-50	-66	0	0	
09:39:24,717	0	0	-64	-68	27.61	
09:39:24,998	-53	1587.70161290323	0	0	-49	32.28	
09:39:25,358	0	0	0	-66	-66	-57	
09:39:25,655	-57	1.69473684210526	-57	-58	-47	-49	-66	0	0	
09:39:25,952	0	0	-63	-67	27.61	
09:39:26,233	-53	1562.5	0	0	-49	32.64	
09:39:26,561	0	0	0	-66	-66	-57	
09:39:26,858	-57	1.70184696569921	-57	-59	-46	-49	-66	0	0	
09:39:27,202	0	0	-64	-69	27.43	
09:39:27,483	-53	1587.70161290323	0	0	-49	32.64	
09:39:27,842	0	0	0	-66	-66	-57	
09:39:28,139	-57	1.69473684210526	-57	-59	-46	-49	-65	0	0	
09:39:28,436	0	0	-64	-68	27.43	
09:39:28,717	-53	1581.40120967742	0	0	-49	32.46	
09:39:29,077	0	0	0	-65	-66	-57	
09:39:29,358	-57	1.68766404199475	-57	-59	-47	-50	-66	0	0	
09:39:29,670	0	0	-64	-69	27.79	
09:39:29,952	-53	1587.70161290323	0	0	-49	32.64	
09:39:30,327	0	0	0	-65	-65	-57	
09:39:30,639	-57	1.68766404199475	-57	-59	-47	-49	-66	0	0	
09:39:30,905	0	0	-63	-66	27.25	
09:39:31,170	-53	1575.10080645161	0	0	-49	32.46	
09:39:31,686	1023	0	0	-62	-64	-57	
09:39:32,014	-57	1.69473684210526	-57	-59	-46	-50	-65	0	0	
09:39:32,280	0	0	-64	-68	27.61	
09:39:32,545	-53	1562.5	0	0	-49	32.64	
09:39:32,873	1023	0	0	-62	-70	-57	
09:39:33,170	-57	1.69473684210526	-57	-58	-47	-50	-66	0	0	
09:39:33,467	0	0	-64	-67	27.25	
09:39:33,748	-53	1562.5	0	0	-49	32.64	
09:39:34,077	1023	0	0	-64	-69	-56	
09:39:34,373	-57	1.69473684210526	-57	-60	-46	-49	-64	0	0	
09:39:34,686	0	0	-64	-68	27.43	
09:39:34,967	-52	1575.10080645161	0	0	-48	32.46	
09:39:35,311	1023	0	0	-63	-68	-57	
09:39:35,608	-57	1.68766404199475	-57	-58	-46	-49	-63	0	0	
09:39:35,936	0	0	-63	-66	27.43	
09:39:36,217	-53	1568.80040322581	0	0	-48	32.28	
09:39:36,639	0	0	0	-64	-66	-57	
09:39:36,936	-57	1.70184696569921	-57	-60	-47	-49	-64	0	0	
09:39:37,264	0	0	-64	-67	27.43	
09:39:37,545	-53	1587.70161290323	0	0	-48	32.46	
09:39:37,889	0	0	0	-63	-66	-61	
09:39:38,186	-57	1.70184696569921	-58	-58	-46	-50	-62	0	0	
09:39:38,483	0	0	-63	-67	27.61	
09:39:38,764	-53	1556.1995967742	0	0	-49	32.64	
09:39:39,092	0	0	0	-61	-66	-57	
09:39:39,389	-57	1.69473684210526	-57	-60	-46	-49	-62	-63	0	
09:39:39,702	0	0	-64	-68	27.43	
09:39:39,983	-53	1568.80040322581	0	0	-49	32.46	
09:39:40,311	1023	0	0	-63	-67	-57	
09:39:40,623	-57	1.70184696569921	-57	-60	-46	-49	-61	-63	0	
09:39:40,936	0	0	-64	-66	27.43	
09:39:41,217	-53	1581.40120967742	0	0	-49	32.46	
09:39:41,608	1023	-62	0	-68	-68	-57	
09:39:41,952	-57	1.69473684210526	-58	-58	-46	-49	-66	0	0	
09:39:42,202	0	0	-64	-69	27.43	
09:39:42,483	-53	1581.40120967742	0	0	-49	32.46	
09:39:42,811	1023	-67	0	-69	-66	-64	
09:39:43,108	-56	1.70184696569921	-57	-60	-46	-49	-70	0	0	
09:39:43,405	0	0	-66	-69	27.43	
09:39:43,686	-53	1568.80040322581	0	0	-49	32.46	
09:39:44,014	1023	0	0	-65	-65	-57	
09:39:44,280	-57	1.68766404199475	-57	-60	-47	-50	-66	0	0	
09:39:44,623	0	0	-66	-68	27.43	
09:39:44,905	-55	1587.70161290323	0	0	-48	32.64	
09:39:45,436	1023	0	0	-66	-65	-57	
09:39:45,717	-57	1.69473684210526	-57	-59	-47	-49	-67	0	0	
09:39:46,045	-62	0	-62	-66	27.43	
09:39:46,327	-52	1606.60282258065	0	0	-49	32.64	
09:39:46,827	1023	0	0	-66	-66	-57	
09:39:47,123	-57	1.70184696569921	-57	-59	-47	-50	-65	0	0	
09:39:47,436	0	0	0	-70	27.43	
09:39:47,717	-52	1600.30241935484	0	0	-49	32.64	
09:39:48,061	1023	0	0	-67	-66	-57	
09:39:48,358	-57	1.70184696569921	-57	-58	-47	-50	-66	0	0	
09:39:48,670	0	0	0	-66	27.61	
09:39:48,951	-51	1600.30241935484	0	0	-48	32.64	
09:39:49,311	1023	0	0	-66	-66	-56	
09:39:49,623	-56	1.69473684210526	-57	-59	-47	-50	-65	0	0	
09:39:49,936	0	0	0	-68	27.43	
09:39:50,202	-51	1600.30241935484	0	0	-49	32.64	
09:39:50,545	1023	0	0	-66	-66	-57	
09:39:50,936	-56	1.69473684210526	-57	-59	-47	-50	-65	0	0	
09:39:51,248	0	0	0	-68	27.43	
09:39:51,514	-51	1606.60282258065	0	0	-49	32.46	
09:39:51,858	1023	0	0	-66	-66	-57	
09:39:52,170	-57	1.70184696569921	-57	-58	-47	-50	-66	0	0	
09:39:52,498	0	0	0	-67	27.43	
09:39:52,780	-51	1606.60282258065	0	0	-49	32.64	
09:39:53,139	1023	0	0	-65	-65	-57	
09:39:53,452	-57	1.70899470899471	-57	-58	-47	-49	-66	0	0	
09:39:53,764	0	0	0	-66	27.43	
09:39:54,045	-51	1606.60282258065	0	0	-47	32.64	
09:39:54,389	1023	0	0	-66	-66	-57	
09:39:54,686	-57	1.70184696569921	-57	-58	-47	-49	-65	0	0	
09:39:54,952	0	0	0	-67	27.43	
09:39:55,233	-51	1606.60282258065	0	0	-49	32.64	
09:39:55,577	1023	0	0	-66	-65	-57	
09:39:55,889	-57	1.70184696569921	-57	-58	-47	-49	-64	0	0	
09:39:56,201	0	0	0	-66	27.43	
09:39:56,483	-51	1606.60282258065	0	0	-48	32.46	
09:39:56,827	1023	0	0	-66	-66	-57	
09:39:57,123	-57	1.70184696569921	-57	-58	-47	-49	-64	0	0	
09:39:57,389	0	0	0	-67	27.61	
09:39:57,670	-51	1600.30241935484	0	0	-49	32.46	
09:39:58,045	1023	0	0	-66	-67	-57	
09:39:58,342	-57	1.70899470899471	-57	-58	-46	-49	-65	0	0	
09:39:58,655	0	0	0	-66	27.43	
09:39:58,936	-51	1600.30241935484	0	0	-47	32.82	
09:39:59,280	1023	0	0	-66	-66	-57	
09:39:59,592	-57	1.69473684210526	-57	-58	-47	-50	-65	0	0	
09:39:59,936	0	0	0	-68	27.61	
09:40:00,217	-51	1600.30241935484	0	0	-49	-1000	
09:40:01,514	1023	0	0	-64	-66	-57	
09:40:01,811	-57	1.70899470899471	-57	-60	-47	-49	-66	0	0	
09:40:02,139	0	0	-64	-69	27.61	
09:40:02,420	-53	1562.5	-64	0	-49	32.64	
09:40:02,780	1023	0	0	-65	-66	-57	
09:40:03,077	-57	1.70184696569921	-57	-59	-46	-49	-64	0	0	
09:40:03,405	0	0	-66	-66	27.43	
09:40:03,889	-52	1600.30241935484	-55	0	-49	-1000	
09:40:05,202	1023	0	0	-63	-66	-60	
09:40:05,498	-56	1.70899470899471	-57	-60	-47	-49	-63	0	0	
09:40:05,811	0	0	-64	-68	27.43	
09:40:06,092	-49	1594.00201612903	-57	0	-49	32.64	
09:40:06,592	1023	0	0	-64	-70	-58	
09:40:06,905	-56	1.71618037135279	-57	-60	-47	-50	-64	0	0	
09:40:07,233	0	0	-64	-68	27.43	
09:40:07,498	-54	1499.49596774193	-62	0	-57	32.46	
09:40:07,873	1023	0	0	-65	-70	-57	
09:40:08,170	-57	1.70899470899471	-57	-60	-47	-49	-64	0	0	
09:40:08,483	0	0	-63	-67	27.43	
09:40:08,764	-49	1606.60282258065	-57	0	-61	32.64	
09:40:09,139	1023	0	0	-64	-69	-57	
09:40:09,452	-57	1.70184696569921	-57	-60	-46	-49	-64	0	0	
09:40:09,764	0	0	-65	-68	27.43	
09:40:10,030	0	-1000	0	0	-51	32.64	
09:40:11,327	1023	0	0	-64	-70	-57	
09:40:11,623	-57	1.70899470899471	-57	-60	-46	-49	-64	0	0	
09:40:11,967	0	0	-64	-68	27.61	
09:40:12,264	-57	1575.10080645161	-62	0	-50	32.46	
09:40:12,592	1023	0	0	-66	-70	-58	
09:40:12,905	-57	1.70899470899471	-57	-60	-46	-49	-62	0	0	
09:40:13,233	0	0	-63	-66	27.43	
09:40:13,514	-53	1524.69758064516	0	0	-49	32.64	
09:40:14,155	1023	0	0	-65	-71	-59	
09:40:14,452	-57	1.70899470899471	-57	-60	-47	-49	-64	0	0	
09:40:14,764	0	0	-64	-68	27.61	
09:40:15,045	-54	1562.5	0	0	-49	32.64	
09:40:15,373	1023	0	0	-64	-70	-61	
09:40:15,686	-56	1.70184696569921	-57	-60	-46	-49	-64	0	0	
09:40:16,014	0	0	-63	-66	27.43	
09:40:16,295	-53	1581.40120967742	0	0	-49	32.46	
09:40:17,170	1023	0	0	-64	-69	-60	
09:40:17,483	-57	1.69473684210526	-57	-59	-47	-50	-64	0	0	
09:40:17,811	0	0	-63	-66	27.43	
09:40:18,077	-53	1568.80040322581	0	0	-48	32.64	
09:40:18,420	1023	0	0	-64	-70	-61	
09:40:18,717	-57	1.70899470899471	-57	-59	-46	-49	-63	0	0	
09:40:19,014	0	0	-64	-67	27.61	
09:40:19,295	-53	1556.1995967742	0	0	-49	32.46	
09:40:20,420	1023	0	0	-68	-67	-59	
09:40:20,717	-57	1.70899470899471	-57	-59	-46	-49	-62	0	0	
09:40:21,045	0	0	-63	-66	27.43	
09:40:21,327	-53	1568.80040322581	0	0	-48	32.46	
09:40:21,670	1023	0	0	-63	-70	-58	
09:40:21,983	-57	1.70184696569921	-57	-60	-46	-49	-62	0	0	
09:40:22,264	0	0	-64	-66	27.43	
09:40:22,577	-53	1587.70161290323	0	0	-50	32.64	
09:40:22,905	1023	0	0	-64	-66	-57	
09:40:23,217	-57	1.70184696569921	-57	-59	-46	-49	-64	0	0	
09:40:23,545	0	0	-64	-66	27.43	
09:40:23,827	-53	1587.70161290323	0	0	-48	32.64	
09:40:24,170	1023	-64	0	-62	-69	-58	
09:40:24,514	-57	1.70899470899471	-57	-60	-47	-50	-62	0	0	
09:40:24,842	0	0	-64	-69	27.43	
09:40:25,139	-52	1575.10080645161	0	0	-49	32.64	
09:40:25,530	1023	-57	0	-62	-71	-59	
09:40:25,827	-57	1.70184696569921	-58	-58	-47	-50	-69	0	0	
09:40:26,123	0	0	-63	-67	27.61	
09:40:26,405	-53	1587.70161290323	0	0	-49	32.28	
09:40:26,780	1023	-63	0	-70	-70	-59	
09:40:27,077	-57	1.70184696569921	-57	-59	-47	-49	-62	0	0	
09:40:27,420	0	0	-64	-66	27.61	
09:40:27,702	-53	1575.10080645161	0	0	-48	32.64	
09:40:28,217	1023	0	0	-63	-64	-57	
09:40:28,467	-57	1.70184696569921	-57	-61	-47	-49	-66	0	0	
09:40:28,795	0	0	-65	-69	27.61	
09:40:29,077	-53	1587.70161290323	0	0	-49	32.64	
09:40:29,483	1023	0	0	-61	-66	-57	
09:40:29,780	-57	1.71618037135279	-57	-61	-47	-50	-67	0	0	
09:40:30,092	0	0	-65	-68	27.61	
09:40:30,374	-53	1568.80040322581	0	0	-49	32.64	
09:40:30,748	1023	0	0	-65	-70	-57	
09:40:31,045	-57	1.70184696569921	-57	-60	-47	-50	-64	0	0	
09:40:31,342	0	0	-63	-67	27.61	
09:40:31,623	-53	1562.5	0	0	-49	32.64	
09:40:31,952	1023	0	0	-66	-66	-56	
09:40:32,248	-57	1.70899470899471	-57	-61	-46	-49	-62	0	0	
09:40:32,608	0	0	-63	-66	27.43	
09:40:32,889	-53	1581.40120967742	0	0	-48	32.64	
09:40:33,233	1023	0	0	-63	0	-57	
09:40:33,576	-57	1.70184696569921	-57	-60	-47	-50	-64	0	0	
09:40:33,873	0	0	-64	-69	27.43	
09:40:34,155	-53	1581.40120967742	0	0	-49	32.64	
09:40:34,498	1023	0	0	-62	0	-57	
09:40:34,795	-57	1.70184696569921	-57	-59	-47	-49	-64	0	0	
09:40:35,123	0	0	-63	-67	27.43	
09:40:35,405	-53	1587.70161290323	0	0	-48	32.46	
09:40:35,780	1023	0	0	-60	0	-57	
09:40:36,077	-57	1.70184696569921	-57	-60	-46	-50	-64	0	0	
09:40:36,373	0	0	-64	-68	27.61	
09:40:36,670	-53	1575.10080645161	0	0	-49	32.64	
09:40:36,998	1023	0	0	-61	0	-57	
09:40:37,311	-57	1.69473684210526	-57	-60	-46	-49	-64	0	0	
09:40:37,623	0	0	-64	-67	27.43	
09:40:37,905	-53	1581.40120967742	0	0	-48	32.46	
09:40:38,233	1023	0	0	-63	0	-57	
09:40:38,545	-57	1.70184696569921	-57	-60	-46	-49	-64	0	0	
09:40:38,858	0	0	-64	-68	27.61	
09:40:39,139	-53	1575.10080645161	0	0	-49	32.46	
09:40:39,498	1023	0	0	-62	0	-57	
09:40:39,780	-57	1.68766404199475	-57	-60	-46	-49	-64	0	0	
09:40:40,092	0	0	-64	-66	27.43	
09:40:40,373	-53	1587.70161290323	0	0	-48	32.46	
09:40:40,717	1023	0	0	-62	0	-57	
09:40:41,014	-57	1.69473684210526	-57	-59	-46	-49	-63	0	0	
09:40:41,295	0	0	-64	-68	27.61	
09:40:41,577	-53	1568.80040322581	0	0	-49	32.46	
09:40:41,905	1023	0	0	-63	-69	-57	
09:40:42,202	-57	1.69473684210526	-57	-60	-47	-49	-64	0	0	
09:40:42,514	0	0	-64	-67	27.61	
09:40:42,827	-53	1575.10080645161	0	0	-49	32.64	
09:40:43,202	1023	0	0	-64	-70	-56	
09:40:43,498	-57	1.68766404199475	-57	-59	-46	-49	-63	0	0	
09:40:43,795	0	0	-64	-67	27.43	
09:40:44,077	-53	1575.10080645161	0	0	-49	32.64	
09:40:44,405	0	0	0	-64	-68	-55	
09:40:44,702	-57	1.69473684210526	-57	-60	-46	-49	-64	0	0	
09:40:45,014	0	0	-64	-67	27.43	
09:40:45,295	-53	1581.40120967742	0	0	-49	32.28	
09:40:45,655	0	0	0	-63	-68	-57	
09:40:45,951	-57	1.68766404199475	-57	-59	-46	-49	-63	0	0	
09:40:46,280	0	0	-63	-66	27.61	
09:40:46,561	-53	1568.80040322581	0	0	-48	32.46	
09:40:46,920	0	0	0	-62	-66	-56	
09:40:47,217	-57	1.69473684210526	-57	-60	-46	-49	-64	0	0	
09:40:47,545	0	0	-64	-67	27.43	
09:40:47,827	-53	1575.10080645161	0	0	-49	32.64	
09:40:48,155	0	0	0	-62	-67	-56	
09:40:48,436	-57	1.69473684210526	-57	-60	-46	-49	-63	0	0	
09:40:48,764	0	0	-64	-68	27.61	
09:40:49,045	-53	1575.10080645161	0	0	-49	32.46	
09:40:49,389	0	0	0	-65	-67	-57	
09:40:49,670	-57	1.69473684210526	-57	-59	-47	-49	-63	0	0	
09:40:49,998	0	0	-63	-66	27.43	
09:40:50,280	-53	1581.40120967742	0	0	-48	32.46	
09:40:50,623	0	0	0	-65	-66	-57	
09:40:50,936	-57	1.68062827225131	-57	-60	-47	-49	-64	0	0	
09:40:51,264	0	0	-64	-67	27.43	
09:40:51,545	-53	1562.5	0	0	-49	32.46	
09:40:51,873	0	0	0	-64	-66	-57	
09:40:52,170	-57	1.68766404199475	-57	-60	-47	-49	-64	0	0	
09:40:52,498	0	0	-64	-68	27.43	
09:40:52,780	-53	1581.40120967742	0	0	-49	32.64	
09:40:53,155	0	0	0	-65	-66	-57	
09:40:53,452	-57	1.68062827225131	-57	-60	-47	-49	-63	0	0	
09:40:53,764	0	0	-63	-67	27.61	
09:40:54,045	-53	1562.5	0	0	-49	32.46	
09:40:54,373	0	0	0	-67	-65	-57	
09:40:54,670	-57	1.69473684210526	-57	-59	-47	-49	-64	0	0	
09:40:54,998	0	0	-64	-68	27.43	
09:40:55,280	-53	1568.80040322581	0	0	-49	32.46	
