Reader Antennas:	Ant:1	Ant:2	Ant:3	Ant:4	
110110110110110110110110	Sensor2		CC0CC0CC0CC0CC0CC0CC0CC0	RSSI		CC2CC2CC2CC2CC2CC2CC2CC2	RSSI		B4B4B4B4B4B4B4B4B4B4B4B4	RSSI		A2A2A2A2A2A2A2A2A2A2A2A2	RSSI		AD1213014B89578E59000040	RSSI		
124124124124124124124124	RSSI	Sensor1		AD1213014B88DF915E000033	RSSI		AD1213014B89F18F5D000053	RSSI		AD1213014B889F8F5B00002C	RSSI		AD1213014B7BF7905C0000CB	RSSI		AD1213014B89578E59000040	RSSI		CC0CC0CC0CC0CC0CC0CC0CC0	RSSI		CC2CC2CC2CC2CC2CC2CC2CC2	RSSI		
CC0CC0CC0CC0CC0CC0CC0CC0	RSSI		CC2CC2CC2CC2CC2CC2CC2CC2	RSSI		E3E3E3E3E3E3E3E3E3E3E3E3	RSSI		010101010101010101010101	RSSI	Temperature		
888888888888888888888888	RSSI	Sensor1		CC0CC0CC0CC0CC0CC0CC0CC0	RSSI		CC2CC2CC2CC2CC2CC2CC2CC2	RSSI		122122122122122122122122	RSSI	Temperature		
09:28:00,077	0	0	0	-64	-65	-57	
09:28:00,389	-57	1.73066666666667	-57	-60	-46	-50	-64	0	0	
09:28:00,717	0	0	-64	-67	27.25	
09:28:00,983	-53	1568.80040322581	0	0	-49	32.46	
09:28:01,327	0	0	0	-64	-64	-57	
09:28:01,592	-57	1.7379679144385	-57	-60	-46	-49	-64	0	0	
09:28:01,905	0	0	-64	-69	27.43	
09:28:02,186	-53	1575.10080645161	0	0	-48	32.46	
09:28:02,514	0	0	0	-66	-66	-57	
09:28:02,811	-57	1.73066666666667	-57	-60	-46	-49	-64	0	0	
09:28:03,139	0	0	-63	-66	27.43	
09:28:03,420	-53	1575.10080645161	0	0	-48	32.28	
09:28:03,748	0	0	0	-65	-66	-56	
09:28:04,045	-57	1.73066666666667	-57	-60	-46	-49	-63	0	0	
09:28:04,358	0	0	-63	-67	27.43	
09:28:04,670	-53	1581.40120967742	0	0	-49	32.1	
09:28:05,030	0	0	0	-66	-66	-57	
09:28:05,311	-57	1.7379679144385	-57	-60	-46	-49	-64	0	0	
09:28:05,639	0	0	-63	-66	27.25	
09:28:05,920	-53	1587.70161290323	0	0	-48	32.28	
09:28:13,592	0	0	0	-66	-66	-56	
09:28:13,905	-57	1.73066666666667	-57	-60	-46	-49	-64	0	0	
09:28:14,217	0	0	-64	-67	27.43	
09:28:14,498	-53	1562.5	0	0	-49	32.46	
09:28:14,827	0	0	0	-64	-65	-57	
09:28:15,139	-57	1.72340425531915	-57	-59	-46	-49	-64	0	0	
09:28:15,467	0	0	-63	-66	27.43	
09:28:15,748	-53	1581.40120967742	0	0	-48	32.46	
09:28:16,092	0	0	0	-66	-66	-57	
09:28:16,373	-57	1.72340425531915	-57	-59	-46	-49	-63	0	0	
09:28:16,686	0	0	-63	-67	27.43	
09:28:16,967	-53	1568.80040322581	0	0	-49	32.46	
09:28:17,295	0	0	0	-65	-65	-57	
09:28:17,592	-57	1.71618037135279	-57	-60	-46	-49	-63	0	0	
09:28:17,905	0	0	-64	-67	27.43	
09:28:18,186	-53	1575.10080645161	0	0	-49	32.28	
09:28:18,514	0	0	0	-64	-66	-57	
09:28:18,795	-57	1.73066666666667	-57	-61	-45	-49	-64	0	0	
09:28:19,139	0	0	-63	-66	27.43	
09:28:19,452	-53	1581.40120967742	0	0	-49	32.46	
09:28:19,827	0	0	0	-66	-66	-56	
09:28:20,123	-57	1.72340425531915	-57	-60	-46	-49	-64	0	0	
09:28:20,436	0	0	-63	-66	27.25	
09:28:20,733	-53	1568.80040322581	0	0	-48	32.28	
09:28:27,514	0	0	0	-64	-66	-57	
09:28:27,811	-57	1.70899470899471	-57	-60	-46	-49	-65	0	0	
09:28:28,123	0	0	-64	-67	27.25	
09:28:28,436	-53	1568.80040322581	0	0	-48	32.46	
09:28:28,827	0	0	0	-64	-66	-57	
09:28:29,108	-57	1.72340425531915	-57	-60	-46	-49	-65	0	0	
09:28:29,483	0	0	-63	-66	27.43	
09:28:29,780	-53	1587.70161290323	0	0	-48	32.64	
09:28:30,108	0	0	0	-65	-66	-56	
09:28:30,405	-57	1.71618037135279	-57	-60	-46	-49	-64	0	0	
09:28:30,717	0	0	-63	-67	27.43	
09:28:30,983	-53	1556.1995967742	0	0	-49	32.46	
09:28:31,311	0	0	0	-64	-66	-57	
09:28:31,608	-57	1.71618037135279	-57	-60	-46	-49	-64	0	0	
09:28:31,920	0	0	-64	-67	27.25	
09:28:32,202	-53	1575.10080645161	0	0	-49	32.28	
09:28:32,530	0	0	0	-64	-65	-56	
09:28:32,811	-57	1.73066666666667	-57	-60	-46	-49	-64	0	0	
09:28:33,123	0	0	-64	-68	27.43	
09:28:33,405	-52	1575.10080645161	0	0	-48	32.46	
09:28:33,748	0	0	0	-66	-66	-57	
09:28:34,045	-57	1.71618037135279	-57	-60	-46	-49	-63	0	0	
09:28:34,373	0	0	-63	-66	27.43	
09:28:34,655	-53	1581.40120967742	0	0	-48	32.28	
09:28:34,983	0	0	0	-66	-66	-57	
09:28:35,280	-57	1.71618037135279	-57	-60	-46	-49	-63	0	0	
09:28:35,592	0	0	-63	-66	27.43	
09:28:35,873	-53	1568.80040322581	0	0	-49	32.46	
09:28:36,233	0	0	0	-65	-66	-57	
09:28:36,545	-57	1.71618037135279	-57	-60	-46	-49	-64	0	0	
09:28:36,873	0	0	-63	-66	27.61	
09:28:37,155	-53	1581.40120967742	0	0	-48	32.28	
09:28:37,530	0	0	0	-65	-66	-56	
09:28:37,827	-57	1.71618037135279	-57	-60	-46	-49	-65	0	0	
09:28:38,139	0	0	-64	-67	27.43	
09:28:38,420	-53	1581.40120967742	0	0	-49	32.28	
09:28:38,780	0	0	0	-66	-66	-57	
09:28:39,061	-57	1.71618037135279	-57	-60	-46	-49	-63	0	0	
09:28:39,389	0	0	-63	-66	27.25	
09:28:39,670	-53	1587.70161290323	0	0	-48	32.28	
09:28:44,358	0	0	0	-65	-66	-56	
09:28:44,655	-57	1.71618037135279	-57	-60	-46	-49	-64	0	0	
09:28:44,967	0	0	-64	-68	27.43	
09:28:45,248	-53	1568.80040322581	0	0	-49	32.28	
09:28:45,608	0	0	0	-66	-66	-57	
09:28:45,889	-57	1.72340425531915	-57	-60	-46	-49	-64	0	0	
09:28:46,280	0	0	-64	-68	27.43	
09:28:46,545	-53	1568.80040322581	0	0	-48	32.46	
09:28:46,967	0	0	0	-64	-66	-57	
09:28:47,280	-57	1.71618037135279	-57	-60	-46	-49	-64	0	0	
09:28:47,608	0	0	-63	-66	27.61	
09:28:47,889	-53	1594.00201612903	0	0	-48	32.46	
09:28:48,233	0	0	0	-66	-66	-57	
09:28:48,561	-57	1.70899470899471	-57	-61	-46	-49	-65	0	0	
09:28:48,873	0	0	-64	-67	27.25	
09:28:49,155	-53	1575.10080645161	0	0	-49	32.28	
09:28:49,483	0	0	0	-64	-65	-57	
09:28:49,764	-57	1.71618037135279	-57	-61	-46	-49	-64	0	0	
09:28:50,108	0	0	-64	-68	27.43	
09:28:50,420	-53	1581.40120967742	0	0	-48	32.1	
09:28:50,780	0	0	0	-64	-66	-57	
09:28:51,092	-57	1.70899470899471	-57	-60	-46	-49	-65	0	0	
09:28:51,405	0	0	-64	-67	27.43	
09:28:51,686	-53	1562.5	0	0	-49	32.46	
09:28:52,202	0	0	0	-65	-67	-57	
09:28:52,483	-57	1.71618037135279	-57	-60	-46	-49	-64	0	0	
09:28:52,795	0	0	-63	-67	27.43	
09:28:53,077	-53	1556.1995967742	0	0	-49	32.28	
09:28:53,405	0	0	0	-64	-66	-57	
09:28:53,717	-57	1.71618037135279	-57	-60	-46	-49	-64	0	0	
09:28:54,014	0	0	-64	-67	27.61	
09:28:54,311	-53	1575.10080645161	0	0	-49	32.46	
09:28:54,623	0	0	0	-63	-65	-57	
09:28:54,920	-57	1.71618037135279	-57	-61	-46	-49	-64	0	0	
09:28:55,248	0	0	-64	-68	27.25	
09:28:55,530	-53	1587.70161290323	0	0	-48	32.28	
09:28:55,873	0	0	0	-64	-66	-57	
09:28:56,155	-57	1.71618037135279	-57	-60	-46	-49	-63	0	0	
09:28:56,483	0	0	-63	-66	27.43	
09:28:56,764	-53	1581.40120967742	0	0	-48	32.46	
09:28:57,108	0	0	0	-66	-66	-57	
09:28:57,405	-57	1.72340425531915	-57	-60	-46	-49	-64	0	0	
09:28:57,717	0	0	-63	-66	27.25	
09:28:57,998	-53	1562.5	0	0	-49	32.28	
09:28:58,327	0	0	0	-64	-65	-57	
09:28:58,623	-57	1.71618037135279	-57	-61	-46	-49	-64	0	0	
09:28:58,936	0	0	-64	-68	27.61	
09:28:59,217	-53	1581.40120967742	0	0	-49	32.46	
09:28:59,545	0	0	0	-62	-66	-57	
09:28:59,827	-57	1.71618037135279	-57	-60	-46	-49	-64	0	0	
09:29:00,139	0	0	-64	-68	27.43	
09:29:00,452	-53	1587.70161290323	0	0	-48	32.46	
09:29:00,827	0	0	0	-66	-66	-57	
09:29:01,123	-57	1.71618037135279	-57	-60	-46	-49	-65	0	0	
09:29:01,436	0	0	-64	-68	27.25	
09:29:01,717	-53	1568.80040322581	0	0	-49	32.46	
09:29:02,045	0	0	0	-64	-65	-57	
09:29:02,373	-57	1.70899470899471	-57	-60	-46	-49	-64	0	0	
09:29:02,686	0	0	-63	-66	27.43	
09:29:02,983	-53	1575.10080645161	0	0	-48	32.28	
09:29:03,311	0	0	0	-63	-66	-57	
09:29:03,623	-57	1.70899470899471	-57	-59	-46	-49	-64	0	0	
09:29:03,905	0	0	-63	-67	27.43	
09:29:04,186	-53	1556.1995967742	0	0	-49	32.46	
09:29:04,561	0	0	0	-65	-66	-57	
09:29:04,905	-57	1.72340425531915	-57	-60	-46	-49	-64	0	0	
09:29:05,217	0	0	-64	-67	27.43	
09:29:05,530	-53	1581.40120967742	0	0	-48	32.64	
09:29:05,873	0	0	0	-65	-66	-57	
09:29:06,155	-57	1.71618037135279	-57	-60	-46	-49	-64	0	0	
09:29:06,483	0	0	-64	-66	27.43	
09:29:06,795	-53	1562.5	0	0	-49	32.46	
09:29:07,123	0	0	0	-64	-66	-57	
09:29:07,436	-57	1.71618037135279	-57	-61	-46	-49	-64	0	0	
09:29:07,764	0	0	-64	-68	27.43	
09:29:08,077	-53	1581.40120967742	0	0	-48	32.46	
09:29:08,420	0	0	0	-65	-66	-57	
09:29:08,733	-57	1.73066666666667	-57	-60	-46	-49	-63	0	0	
09:29:09,030	0	0	-63	-67	27.43	
09:29:09,311	-53	1581.40120967742	0	0	-49	32.46	
09:29:09,670	0	0	0	-64	-65	-57	
09:29:09,967	-57	1.71618037135279	-57	-60	-46	-49	-64	0	0	
09:29:10,295	0	0	-64	-68	27.43	
09:29:10,577	-53	1575.10080645161	0	0	-48	32.46	
09:29:10,920	0	0	0	-65	-66	-57	
09:29:11,264	-57	1.72340425531915	-57	-60	-46	-49	-64	0	0	
09:29:11,577	0	0	-64	-67	27.43	
09:29:11,858	-53	1575.10080645161	0	0	-49	32.46	
09:29:12,186	0	0	0	-63	-65	-57	
09:29:12,467	-57	1.72340425531915	-57	-60	-46	-49	-64	0	0	
09:29:12,795	0	0	-64	-68	27.43	
09:29:13,077	-53	1587.70161290323	0	0	-48	32.46	
09:29:13,436	0	0	0	-64	-66	-57	
09:29:13,733	-57	1.71618037135279	-57	-59	-46	-50	-64	0	0	
09:29:14,045	0	0	-63	-66	27.43	
09:29:14,327	-53	1575.10080645161	0	0	-49	32.28	
09:29:14,655	0	0	0	-63	-66	-56	
09:29:14,967	-57	1.72340425531915	-57	-61	-47	-49	-64	0	0	
09:29:15,295	0	0	-64	-68	27.43	
09:29:15,577	-53	1581.40120967742	0	0	-48	32.28	
09:29:15,920	0	0	0	-64	-66	-57	
09:29:16,233	-57	1.73066666666667	-57	-60	-46	-49	-63	0	0	
09:29:16,530	0	0	-63	-67	27.25	
09:29:16,811	-53	1575.10080645161	0	0	-49	32.46	
09:29:17,139	0	0	0	-64	-66	-57	
09:29:17,451	-57	1.73066666666667	-57	-60	-46	-50	-64	0	0	
09:29:17,764	0	0	-64	-67	27.43	
09:29:18,045	-53	1568.80040322581	0	0	-49	32.46	
09:29:18,358	0	0	0	-63	-65	-57	
09:29:18,655	-57	1.71618037135279	-57	-60	-46	-49	-64	0	0	
09:29:18,983	0	0	-64	-69	27.43	
09:29:19,264	-53	1581.40120967742	0	0	-48	32.64	
09:29:19,608	0	0	0	-65	-66	-57	
09:29:19,889	-57	1.72340425531915	-57	-59	-45	-49	-64	0	0	
09:29:20,217	0	0	-63	-66	27.25	
09:29:20,498	-53	1581.40120967742	0	0	-48	32.1	
09:29:20,842	0	0	0	-64	-66	-57	
09:29:21,139	-57	1.72340425531915	-57	-59	-46	-49	-64	0	0	
09:29:21,436	0	0	-63	-67	27.61	
09:29:21,717	-53	1568.80040322581	0	0	-49	32.64	
09:29:22,045	0	0	0	-63	-66	-57	
09:29:22,358	-57	1.73066666666667	-57	-60	-46	-50	-64	0	0	
09:29:22,686	0	0	-64	-68	27.43	
09:29:22,998	-53	1581.40120967742	0	0	-48	32.64	
09:29:23,358	0	0	0	-64	-66	-57	
09:29:23,655	-57	1.73066666666667	-57	-59	-47	-50	-64	0	0	
09:29:23,998	0	0	-64	-68	27.43	
09:29:24,280	-53	1568.80040322581	0	0	-49	32.28	
09:29:24,608	0	0	0	-64	-65	-57	
09:29:24,889	-57	1.73066666666667	-57	-60	-47	-50	-64	0	0	
09:29:25,217	0	0	-64	-68	27.43	
09:29:25,498	-53	1581.40120967742	0	0	-48	32.64	
09:29:25,842	0	0	0	-64	-66	-57	
09:29:26,139	-57	1.72340425531915	-57	-60	-46	-49	-64	0	0	
09:29:26,483	0	0	-64	-66	27.43	
09:29:26,764	-53	1587.70161290323	0	0	-48	32.28	
09:29:27,108	0	0	0	-64	-66	-57	
09:29:27,405	-57	1.73066666666667	-57	-60	-47	-49	-64	0	0	
09:29:27,717	0	0	-63	-67	27.43	
09:29:27,998	-53	1568.80040322581	0	0	-49	32.46	
09:29:28,327	0	0	0	-64	-66	-57	
09:29:28,623	-57	1.73066666666667	-57	-61	-47	-49	-65	0	0	
09:29:28,967	0	0	-64	-68	27.43	
09:29:29,248	-53	1581.40120967742	0	0	-48	32.46	
09:29:29,592	0	0	0	-66	-66	-57	
09:29:29,873	-57	1.72340425531915	-57	-61	-46	-49	-64	0	0	
09:29:30,202	0	0	-63	-66	27.43	
09:29:30,483	-53	1575.10080645161	0	0	-48	32.28	
09:29:30,842	0	0	0	-64	-66	-57	
09:29:31,139	-56	1.73066666666667	-57	-61	-46	-49	-64	0	0	
09:29:31,452	0	0	-64	-67	27.61	
09:29:31,733	-53	1575.10080645161	0	0	-49	32.28	
09:29:32,061	0	0	0	-63	-66	-57	
09:29:32,342	-57	1.7379679144385	-57	-61	-47	-49	-64	0	0	
09:29:32,670	0	0	-64	-68	27.43	
09:29:32,952	-52	1581.40120967742	0	0	-48	32.28	
09:29:33,295	0	0	0	-66	-66	-57	
09:29:33,577	-57	1.73066666666667	-57	-60	-46	-49	-64	0	0	
09:29:33,905	0	0	-63	-66	27.07	
09:29:34,233	-53	1556.1995967742	0	0	-49	32.28	
09:29:34,545	0	0	0	-64	-66	-57	
09:29:34,858	-56	1.72340425531915	-57	-61	-47	-49	-65	0	0	
09:29:35,186	0	0	-64	-67	27.25	
09:29:35,467	-53	1575.10080645161	0	0	-49	32.28	
09:29:35,811	0	0	0	-64	-65	-57	
09:29:36,092	-57	1.7379679144385	-57	-61	-46	-49	-64	0	0	
09:29:36,420	0	0	-64	-68	27.07	
09:29:36,702	-53	1581.40120967742	0	0	-48	32.46	
09:29:37,077	0	0	0	-64	-66	-57	
09:29:37,389	-56	1.72340425531915	-57	-61	-46	-49	-65	0	0	
09:29:37,702	0	0	-64	-68	27.43	
09:29:37,983	-53	1581.40120967742	0	0	-49	32.28	
09:29:38,327	0	0	0	-63	-65	-57	
09:29:38,608	-57	1.73066666666667	-57	-61	-46	-49	-64	0	0	
09:29:38,952	0	0	-64	-66	27.43	
09:29:39,233	-53	1581.40120967742	0	0	-48	32.28	
09:29:39,577	0	0	0	-64	-66	-57	
09:29:39,889	-57	1.73066666666667	-57	-60	-46	-49	-64	0	0	
09:29:40,170	0	0	-63	-67	27.61	
09:29:40,467	-53	1568.80040322581	0	0	-49	32.46	
09:29:40,780	0	0	0	-64	-66	-57	
09:29:41,092	-56	1.73066666666667	-57	-61	-47	-49	-64	0	0	
09:29:41,436	0	0	-64	-68	27.43	
09:29:41,748	-53	1581.40120967742	0	0	-48	32.28	
09:29:42,092	0	0	0	-65	-66	-57	
09:29:42,373	-57	1.73066666666667	-57	-60	-46	-49	-63	0	0	
09:29:42,686	0	0	-64	-67	27.43	
09:29:42,967	-53	1568.80040322581	0	0	-49	32.46	
09:29:43,295	0	0	0	-64	-65	-57	
09:29:43,592	-56	1.7379679144385	-57	-61	-46	-49	-64	0	0	
09:29:43,905	0	0	-64	-68	27.43	
09:29:44,186	-53	1575.10080645161	0	0	-49	32.46	
09:29:44,545	0	0	0	-65	-66	-57	
09:29:44,827	-57	1.73066666666667	-57	-61	-46	-49	-64	0	0	
09:29:45,155	0	0	-63	-66	27.61	
09:29:45,467	-53	1575.10080645161	0	0	-49	32.46	
09:29:45,795	0	0	0	-64	-66	-57	
09:29:46,092	-56	1.72340425531915	-57	-61	-46	-49	-64	0	0	
09:29:46,405	0	0	-64	-67	27.43	
09:29:46,686	-53	1581.40120967742	0	0	-49	32.46	
09:29:47,030	0	0	0	-63	-65	-57	
09:29:47,311	-57	1.7379679144385	-57	-61	-46	-49	-64	0	0	
09:29:47,639	0	0	-65	-68	27.43	
09:29:47,920	-53	1575.10080645161	0	0	-48	32.28	
09:29:48,264	0	0	0	-65	-66	-57	
09:29:48,577	-57	1.7379679144385	-57	-60	-46	-49	-64	0	0	
09:29:48,905	0	0	-63	-66	27.25	
09:29:49,186	-53	1581.40120967742	0	0	-48	32.28	
09:29:49,514	0	0	0	-64	-66	-57	
09:29:49,827	-57	1.73066666666667	-57	-60	-46	-49	-63	0	0	
09:29:50,139	0	0	-64	-67	27.43	
09:29:50,420	-53	1575.10080645161	0	0	-49	32.28	
09:29:50,748	0	0	0	-63	-66	-57	
09:29:51,030	-57	1.7379679144385	-57	-61	-46	-49	-64	0	0	
09:29:51,358	0	0	-64	-68	27.43	
09:29:51,639	-53	1581.40120967742	0	0	-49	32.46	
09:29:51,983	0	0	0	-65	-66	-57	
09:29:52,264	-56	1.7379679144385	-57	-60	-46	-49	-64	0	0	
09:29:52,592	0	0	-63	-66	27.61	
09:29:52,873	-53	1587.70161290323	0	0	-48	32.46	
09:29:53,217	0	0	0	-64	-66	-57	
09:29:53,514	-57	1.7379679144385	-57	-60	-46	-49	-63	0	0	
09:29:53,795	0	0	-63	-66	27.43	
09:29:54,077	-53	1568.80040322581	0	0	-49	32.46	
09:29:54,405	0	0	0	-64	-66	-57	
09:29:54,717	-57	1.74530831099196	-57	-61	-46	-49	-64	0	0	
09:29:55,045	0	0	-65	-69	27.43	
09:29:55,358	-53	1587.70161290323	0	0	-48	32.28	
09:29:55,702	0	0	0	-64	-66	-57	
09:29:55,998	-57	1.74530831099196	-57	-61	-46	-49	-64	0	0	
09:29:56,342	0	0	-64	-68	27.43	
09:29:56,623	-53	1568.80040322581	0	0	-49	32.46	
09:29:56,983	0	0	0	-66	-66	-57	
09:29:57,280	-57	1.7379679144385	-57	-61	-46	-49	-64	0	0	
09:29:57,608	0	0	-64	-66	27.43	
09:29:57,905	-53	1581.40120967742	0	0	-48	32.28	
09:29:58,280	0	0	0	-64	-66	-57	
09:29:58,577	-56	1.7379679144385	-57	-61	-46	-49	-64	0	0	
09:29:58,889	0	0	-64	-68	27.61	
09:29:59,170	-53	1575.10080645161	0	0	-49	32.28	
09:29:59,498	0	0	0	-64	-65	-57	
09:29:59,780	-57	1.74530831099196	-57	-61	-46	-49	-63	0	0	
09:30:00,123	0	0	-64	-66	27.25	
09:30:00,420	-53	1587.70161290323	0	0	-48	32.46	
09:30:00,764	0	0	0	-65	-66	-56	
09:30:01,061	-57	1.74530831099196	-57	-61	-47	-49	-64	0	0	
09:30:01,373	0	0	-64	-67	27.43	
09:30:01,655	-53	1562.5	0	0	-49	32.46	
09:30:01,983	0	0	0	-64	-66	-57	
09:30:02,280	-56	1.7379679144385	-57	-61	-46	-49	-64	0	0	
09:30:02,623	0	0	-64	-69	27.43	
09:30:02,905	-53	1575.10080645161	0	0	-49	32.46	
09:30:03,248	0	0	0	-65	-66	-57	
09:30:03,530	-57	1.74530831099196	-57	-60	-46	-49	-64	0	0	
09:30:03,858	0	0	-63	-66	27.61	
09:30:04,170	-53	1568.80040322581	0	0	-49	32.28	
09:30:04,498	0	0	0	-64	-66	-57	
09:30:04,811	-57	1.74530831099196	-57	-61	-47	-49	-64	0	0	
09:30:05,139	0	0	-64	-68	27.43	
09:30:05,420	-53	1581.40120967742	0	0	-49	32.46	
09:30:05,795	0	0	0	-67	-67	-56	
09:30:06,077	-57	1.75268817204301	-57	-60	-47	-49	-65	0	0	
09:30:06,405	0	0	-63	-66	27.43	
09:30:06,748	-53	1575.10080645161	0	0	-49	32.46	
09:30:07,077	1023	0	0	-66	-69	-57	
09:30:07,358	-57	1.74530831099196	-57	-60	-47	-49	-66	0	0	
09:30:07,686	0	0	-63	-66	27.61	
09:30:07,967	-53	1581.40120967742	0	0	-48	32.28	
09:30:08,311	1023	0	0	-61	0	-57	
09:30:08,623	-57	1.7379679144385	-57	-59	-47	-50	-64	0	0	
09:30:08,889	0	0	-63	-66	27.43	
09:30:09,170	-53	1575.10080645161	0	0	-49	32.28	
09:30:09,530	1023	0	0	-60	0	-57	
09:30:09,811	-57	1.74530831099196	-57	-60	-47	-50	-64	0	0	
09:30:10,123	0	0	-64	-68	27.43	
09:30:10,405	-53	1581.40120967742	0	0	-49	32.46	
09:30:10,748	1023	0	0	-63	-70	-57	
09:30:11,061	-57	1.75268817204301	-57	-60	-47	-49	-65	0	0	
09:30:11,373	0	0	-63	-67	27.43	
09:30:11,655	-53	1562.5	0	0	-49	32.46	
09:30:11,983	1023	-69	0	-61	0	-57	
09:30:12,280	-57	1.74530831099196	-57	-58	-47	-50	-62	-64	0	
09:30:12,623	0	0	-64	-69	27.43	
09:30:12,920	-53	1575.10080645161	0	0	-49	32.28	
09:30:13,264	1023	0	0	-66	-70	-56	
09:30:13,561	-57	1.75268817204301	-57	-59	-46	-49	-62	-63	0	
09:30:13,905	0	0	-63	-66	27.61	
09:30:14,186	-53	1587.70161290323	0	0	-48	32.28	
09:30:14,530	0	0	0	-64	-65	-59	
09:30:14,827	-57	1.74530831099196	-57	-57	-47	-50	-64	-66	0	
09:30:15,139	0	0	-64	-69	27.43	
09:30:15,420	-53	1568.80040322581	0	0	-49	32.64	
09:30:15,748	0	0	0	-66	-67	-58	
09:30:16,045	-57	1.74530831099196	-56	-61	-47	-49	-62	-67	0	
09:30:16,373	0	0	-64	-67	27.25	
09:30:16,655	-53	1581.40120967742	0	0	-49	32.28	
09:30:16,998	1023	-62	0	-67	-66	-60	
09:30:17,373	-57	1.7379679144385	-57	-61	-47	-49	-77	0	0	
09:30:17,717	0	0	-64	-69	27.43	
09:30:17,998	-53	1587.70161290323	0	0	-49	32.46	
09:30:18,342	1023	-69	0	-62	-66	-55	
09:30:18,639	-57	1.7379679144385	-57	-60	-47	-49	-63	0	0	
09:30:18,967	0	0	-64	-68	27.43	
09:30:19,248	-53	1587.70161290323	0	0	-48	32.46	
09:30:19,608	1023	0	0	-63	-67	-57	
09:30:19,905	-56	1.74530831099196	-57	-61	-47	-49	-66	0	0	
09:30:20,217	-64	0	-62	-69	27.43	
09:30:20,498	-53	1587.70161290323	-70	0	-49	32.28	
09:30:20,842	1023	0	0	-63	-66	-57	
09:30:21,139	-56	1.7379679144385	-57	-60	-47	-50	-65	0	0	
09:30:21,483	0	0	-61	-66	27.43	
09:30:21,780	-51	1594.00201612903	0	0	-48	-1000	
09:30:23,077	1023	0	0	-64	-68	-57	
09:30:23,373	-57	1.74530831099196	-57	-59	-47	-49	-66	0	0	
09:30:23,702	0	0	0	-66	27.25	
09:30:23,983	-53	1581.40120967742	0	0	-49	-1000	
09:30:25,280	1023	0	0	-64	-66	-57	
09:30:25,592	-56	1.74530831099196	-57	-60	-47	-49	-66	0	0	
09:30:25,920	0	0	0	-67	27.43	
09:30:26,217	-53	1587.70161290323	0	0	-49	32.46	
09:30:27,389	1023	0	0	-63	-66	-57	
09:30:27,702	-57	1.7379679144385	-57	-60	-47	-49	-66	0	0	
09:30:27,983	0	0	0	-68	27.43	
09:30:28,248	-52	1594.00201612903	0	0	-49	32.28	
09:30:28,592	1023	0	0	-63	-66	-57	
09:30:28,889	-56	1.7379679144385	-57	-60	-47	-50	-66	0	0	
09:30:29,233	0	0	0	-68	27.43	
09:30:29,514	-52	1594.00201612903	0	0	-49	32.64	
09:30:29,873	1023	0	0	-63	-66	-57	
09:30:30,186	-56	1.74530831099196	-57	-60	-47	-50	-65	0	0	
09:30:30,514	0	0	0	-69	27.43	
09:30:30,795	-52	1594.00201612903	0	0	-49	32.46	
09:30:31,139	1023	0	0	-63	-67	-57	
09:30:31,452	-56	1.74530831099196	-57	-59	-47	-50	-65	0	0	
09:30:31,795	0	0	0	-68	27.43	
09:30:32,061	-53	1581.40120967742	0	0	-50	-1000	
09:30:33,373	1023	0	0	-63	-66	-57	
09:30:33,670	-56	1.74530831099196	-57	-61	-47	-49	-67	0	0	
09:30:33,998	-63	0	0	-70	27.43	
09:30:34,280	-51	1587.70161290323	0	0	-49	32.64	
09:30:34,608	1023	0	0	-63	-65	-57	
09:30:34,905	-57	1.74530831099196	-57	-60	-47	-50	-66	0	0	
09:30:35,233	0	0	-63	-70	27.43	
09:30:35,514	-52	1594.00201612903	-64	0	-49	32.64	
09:30:36,670	1023	0	0	-63	-66	-57	
09:30:36,983	-57	1.7379679144385	-57	-61	-46	-49	-64	0	0	
09:30:37,280	0	0	-67	-67	27.43	
09:30:37,561	-54	1606.60282258065	-57	0	-49	32.46	
09:30:38,123	1023	0	0	-65	-66	-57	
09:30:38,420	-57	1.75268817204301	-57	-60	-47	-49	-64	0	0	
09:30:38,748	0	0	-63	-65	27.43	
09:30:39,030	-55	-1000	-62	0	0	32.46	
09:30:40,358	1023	0	0	-64	-66	-57	
09:30:40,670	-57	1.7379679144385	-57	-61	-47	-49	-64	0	0	
09:30:40,998	0	0	-64	-66	27.61	
09:30:41,280	-57	1455.39314516129	-57	0	-48	32.64	
09:30:41,623	1023	0	0	-64	-66	-57	
09:30:41,936	-57	1.7379679144385	-57	-61	-47	-49	-64	0	0	
09:30:42,264	0	0	-64	-68	27.43	
09:30:42,545	-57	1379.78830645161	-58	0	-48	32.64	
09:30:42,889	1023	0	0	-65	-67	-56	
09:30:43,217	-57	1.7379679144385	-57	-61	-47	-49	-63	0	0	
09:30:43,561	0	0	-63	-68	27.43	
09:30:43,842	-49	1612.90322580645	-57	0	-50	32.46	
09:30:44,358	1023	0	0	-63	-66	-57	
09:30:44,655	-57	1.7379679144385	-57	-61	-47	-49	-64	0	0	
09:30:44,983	0	0	-64	-68	27.61	
09:30:45,264	0	1625.50403225806	-61	0	0	32.46	
09:30:45,967	1023	0	0	-63	-64	-57	
09:30:46,295	-57	1.7379679144385	-57	-61	-47	-49	-63	0	0	
09:30:46,639	0	0	-66	-66	27.43	
09:30:46,952	-57	1518.39717741936	0	0	-48	32.46	
09:30:47,295	1023	0	0	-64	-66	-57	
09:30:47,592	-57	1.74530831099196	-57	-61	-47	-49	-64	0	0	
09:30:47,920	0	0	-64	-68	27.43	
09:30:48,186	-53	1587.70161290323	0	0	-49	32.28	
09:30:48,530	1023	0	0	-63	-66	-57	
09:30:48,858	-57	1.7379679144385	-57	-61	-47	-49	-64	0	0	
09:30:49,202	0	0	-63	-67	27.43	
09:30:49,467	-52	1575.10080645161	0	0	-49	32.46	
09:30:49,795	1023	0	0	-64	-66	-57	
09:30:50,092	-57	1.74530831099196	-57	-61	-46	-49	-64	0	0	
09:30:50,405	0	0	-63	-67	27.43	
09:30:50,686	-53	1575.10080645161	0	0	-49	32.64	
09:30:51,030	1023	0	0	-64	-66	-57	
09:30:51,342	-57	1.74530831099196	-57	-60	-46	-49	-68	0	0	
09:30:51,655	0	0	-64	-67	27.61	
09:30:51,952	-53	1575.10080645161	0	0	-47	32.46	
09:30:52,280	1023	-63	0	-62	-66	-56	
09:30:52,592	-57	1.7379679144385	-57	-58	-48	-49	-65	0	0	
09:30:52,905	0	0	-63	-66	27.25	
09:30:53,186	-53	1575.10080645161	0	0	-49	32.64	
09:30:53,498	1023	-66	0	-65	-70	-66	
09:30:53,811	-56	1.74530831099196	-57	-60	-46	-49	-77	0	0	
09:30:54,139	0	0	-64	-67	27.61	
09:30:54,405	-53	1575.10080645161	0	0	-49	32.46	
09:30:54,780	1023	0	0	-66	-66	-57	
09:30:55,108	-57	1.7379679144385	-57	-61	-46	-49	-62	0	0	
09:30:55,420	0	0	-63	-67	27.43	
09:30:55,702	-53	1568.80040322581	0	0	-49	32.64	
09:30:56,014	1023	0	0	-65	-66	-57	
09:30:56,327	-57	1.74530831099196	-57	-60	-47	-49	-61	0	0	
09:30:56,639	0	0	-64	-67	27.25	
09:30:56,905	-53	1556.1995967742	0	0	-49	32.46	
09:30:57,248	1023	0	0	-64	-68	-58	
09:30:57,530	-57	1.7379679144385	-57	-60	-47	-49	-61	0	0	
09:30:57,842	0	0	-63	-66	27.61	
09:30:58,123	-53	1587.70161290323	0	0	-48	32.46	
09:30:58,467	1023	0	0	-64	-70	-57	
09:30:58,764	-57	1.74530831099196	-57	-59	-47	-49	-63	0	0	
09:30:59,030	0	0	-63	-67	27.43	
09:30:59,311	-53	1568.80040322581	0	0	-49	32.46	
09:30:59,670	1023	0	0	-62	-70	-57	
09:30:59,967	-57	1.74530831099196	-57	-60	-47	-50	-65	0	0	
09:31:00,280	0	0	-64	-68	27.43	
09:31:00,561	-53	1581.40120967742	0	0	-49	32.46	
09:31:00,889	1023	0	0	-62	-66	-58	
09:31:01,217	-57	1.74530831099196	-57	-60	-47	-49	-62	0	0	
09:31:01,498	0	0	-63	-67	27.43	
09:31:01,780	-53	1568.80040322581	0	0	-49	32.64	
09:31:02,108	1023	0	0	-63	-63	-57	
09:31:02,405	-57	1.74530831099196	-57	-60	-46	-50	-64	0	0	
09:31:02,702	0	0	-64	-67	27.43	
09:31:02,983	-53	1575.10080645161	0	0	-49	32.46	
09:31:03,358	1023	0	0	-61	0	-57	
09:31:03,655	-57	1.74530831099196	-57	-59	-47	-49	-66	0	0	
09:31:03,967	0	0	-64	-66	27.43	
09:31:04,248	-53	1581.40120967742	0	0	-48	32.46	
09:31:04,592	1023	0	0	-60	-70	-57	
09:31:04,889	-57	1.7379679144385	-57	-59	-47	-49	-65	0	0	
09:31:05,186	0	0	-63	-67	27.61	
09:31:05,452	-53	1568.80040322581	0	0	-49	32.28	
09:31:05,780	1023	0	0	-58	0	-57	
09:31:06,108	-57	1.75268817204301	-57	-60	-47	-50	-65	0	0	
09:31:06,436	0	0	-64	-68	27.61	
09:31:06,717	-53	1575.10080645161	0	0	-49	32.46	
09:31:07,061	1023	0	0	-63	-66	-57	
09:31:07,358	-57	1.75268817204301	-57	-60	-47	-50	-66	0	0	
09:31:07,733	0	0	-64	-68	27.61	
09:31:08,014	-53	1568.80040322581	0	0	-49	32.46	
09:31:08,342	0	0	0	-63	-66	-56	
09:31:08,639	-57	1.74530831099196	-57	-59	-46	-50	-64	0	0	
09:31:09,014	0	0	-65	-69	27.43	
09:31:09,295	-53	1575.10080645161	0	0	-49	32.46	
09:31:09,655	0	0	0	-64	-67	-57	
09:31:09,952	-57	1.75268817204301	-57	-59	-46	-50	-65	0	0	
09:31:10,280	0	0	-63	-66	27.43	
09:31:10,545	-53	1581.40120967742	0	0	-48	32.46	
09:31:10,889	0	0	0	-64	-66	-56	
09:31:11,186	-57	1.74530831099196	-57	-60	-47	-50	-65	0	0	
09:31:11,467	0	0	-63	-67	27.43	
09:31:11,827	-53	1587.70161290323	0	0	-48	32.46	
09:31:12,170	0	0	0	-64	-65	-57	
09:31:12,483	-57	1.75268817204301	-57	-60	-47	-49	-64	0	0	
09:31:12,733	0	0	-63	-67	27.43	
09:31:13,014	-53	1568.80040322581	0	0	-49	32.46	
09:31:13,342	0	0	0	-64	-64	-57	
09:31:13,655	-57	1.76010781671159	-57	-61	-47	-49	-65	0	0	
09:31:13,983	0	0	-64	-67	27.43	
09:31:14,264	-53	1575.10080645161	0	0	-49	32.46	
09:31:14,623	0	0	0	-64	-65	-57	
09:31:14,920	-57	1.75268817204301	-57	-60	-47	-49	-64	0	0	
09:31:15,233	0	0	-63	-66	27.25	
09:31:15,514	-53	1581.40120967742	0	0	-48	32.46	
09:31:15,858	0	0	0	-64	-65	-57	
09:31:16,155	-57	1.74530831099196	-57	-60	-47	-49	-64	0	0	
09:31:16,452	0	0	-63	-67	27.43	
09:31:16,733	-53	1568.80040322581	0	0	-49	32.46	
09:31:17,061	0	0	0	-64	-64	-57	
09:31:17,358	-57	1.75268817204301	-57	-60	-47	-49	-66	0	0	
09:31:17,670	0	0	-64	-67	27.25	
09:31:17,952	-53	1568.80040322581	0	0	-49	32.28	
09:31:18,295	0	0	0	-63	-64	-57	
09:31:18,577	-57	1.75268817204301	-57	-61	-47	-49	-65	0	0	
09:31:18,905	0	0	-64	-69	27.61	
09:31:19,186	-53	1568.80040322581	0	0	-49	32.28	
09:31:19,530	0	0	0	-64	-65	-57	
09:31:19,827	-57	1.76010781671159	-57	-60	-47	-49	-64	0	0	
09:31:20,155	0	0	-63	-66	27.43	
09:31:20,436	-53	1581.40120967742	0	0	-48	32.28	
09:31:20,811	0	0	0	-64	-65	-57	
09:31:21,108	-57	1.75268817204301	-57	-60	-47	-49	-64	0	0	
09:31:21,436	0	0	-64	-67	27.61	
09:31:21,717	-53	1568.80040322581	0	0	-49	32.46	
09:31:22,061	0	0	0	-64	-64	-57	
09:31:22,373	-57	1.76010781671159	-57	-60	-47	-49	-64	0	0	
09:31:22,717	0	0	-64	-67	27.43	
09:31:22,998	-53	1568.80040322581	0	0	-49	32.64	
09:31:23,327	0	0	0	-64	-65	-57	
09:31:23,623	-57	1.76010781671159	-57	-60	-47	-49	-65	0	0	
09:31:23,936	0	0	-64	-67	27.61	
09:31:24,217	-53	1581.40120967742	0	0	-49	32.46	
09:31:24,608	0	0	0	-65	-65	-57	
09:31:24,920	-57	1.76010781671159	-57	-60	-47	-49	-63	0	0	
09:31:25,233	0	0	-64	-67	27.61	
09:31:25,514	-53	1562.5	0	0	-49	32.28	
09:31:25,842	0	0	0	-65	-66	-57	
09:31:26,139	-57	1.76010781671159	-57	-60	-47	-49	-64	0	0	
09:31:26,467	0	0	-64	-68	27.43	
09:31:26,748	-53	1575.10080645161	0	0	-49	32.46	
09:31:27,092	0	0	0	-64	-64	-57	
09:31:27,467	-57	1.76010781671159	-57	-60	-47	-49	-65	0	0	
09:31:27,795	0	0	-64	-67	27.61	
09:31:28,077	-53	1568.80040322581	0	0	-49	32.28	
09:31:28,420	0	0	0	-64	-65	-57	
09:31:28,702	-57	1.76010781671159	-57	-61	-47	-49	-63	0	0	
09:31:29,014	0	0	-63	-66	27.43	
09:31:29,327	-53	1581.40120967742	0	0	-49	32.46	
09:31:29,686	0	0	0	-64	-64	-57	
09:31:29,983	-57	1.76010781671159	-57	-61	-47	-50	-65	0	0	
09:31:30,280	0	0	-65	-68	27.43	
09:31:30,577	-53	1581.40120967742	0	0	-49	32.28	
09:31:30,905	0	0	0	-65	-66	-57	
09:31:31,201	-57	1.75268817204301	-57	-60	-46	-49	-64	0	0	
09:31:31,530	0	0	-63	-66	27.43	
09:31:31,827	-53	1568.80040322581	0	0	-49	32.28	
09:31:32,155	0	0	0	-64	-65	-56	
09:31:32,452	-57	1.76010781671159	-57	-60	-46	-49	-65	0	0	
09:31:32,795	0	0	-64	-68	27.43	
09:31:33,077	-53	1594.00201612903	0	0	-49	32.28	
09:31:33,436	0	0	0	-65	-65	-57	
09:31:33,748	-57	1.76010781671159	-57	-60	-47	-49	-64	0	0	
09:31:34,077	0	0	-63	-67	27.43	
09:31:34,389	-53	1575.10080645161	0	0	-49	32.28	
09:31:34,733	0	0	0	-63	-64	-57	
09:31:35,014	-57	1.75268817204301	-57	-60	-47	-49	-65	0	0	
09:31:35,342	0	0	-65	-69	27.43	
09:31:35,655	-53	1581.40120967742	0	0	-48	32.46	
09:31:35,998	0	0	0	-64	-64	-57	
09:31:36,295	-57	1.75268817204301	-57	-60	-47	-49	-64	0	0	
09:31:36,623	0	0	-64	-67	27.43	
09:31:36,905	-53	1581.40120967742	0	0	-49	32.28	
09:31:37,327	0	0	0	-65	-65	-56	
09:31:37,623	-57	1.75268817204301	-57	-60	-47	-49	-64	0	0	
09:31:37,920	0	0	-63	-67	27.43	
09:31:38,202	-53	1575.10080645161	0	0	-49	32.28	
09:31:38,530	0	0	0	-64	-65	-57	
09:31:38,827	-57	1.75268817204301	-57	-60	-46	-49	-65	0	0	
09:31:39,155	0	0	-64	-67	27.25	
09:31:39,436	-53	1581.40120967742	0	0	-49	32.46	
09:31:39,780	0	0	0	-63	-65	-57	
09:31:40,045	-57	1.75268817204301	-57	-60	-47	-49	-65	0	0	
09:31:40,358	0	0	-65	-68	27.43	
09:31:40,655	-53	1581.40120967742	0	0	-49	32.46	
09:31:40,998	0	0	0	-65	-66	-57	
09:31:41,311	-57	1.76010781671159	-57	-60	-47	-49	-65	0	0	
09:31:41,639	0	0	-64	-66	27.43	
09:31:41,905	-53	1587.70161290323	0	0	-48	32.28	
09:31:42,248	0	0	0	-64	-66	-57	
09:31:42,545	-57	1.76010781671159	-57	-60	-46	-49	-64	0	0	
09:31:42,858	0	0	-64	-67	27.43	
09:31:43,186	-53	1587.70161290323	0	0	-49	32.28	
09:31:43,577	0	0	0	-64	-65	-57	
09:31:43,905	-57	1.76010781671159	-57	-60	-46	-49	-66	0	0	
09:31:44,233	0	0	-64	-67	27.43	
09:31:44,514	-53	1568.80040322581	0	0	-49	32.46	
09:31:44,858	0	0	0	-63	-64	-57	
09:31:45,170	-57	1.75268817204301	-57	-60	-47	-49	-65	0	0	
09:31:45,498	0	0	-64	-66	27.43	
09:31:45,780	-53	1568.80040322581	0	0	-48	32.28	
09:31:46,139	0	0	0	-64	-65	-57	
09:31:46,436	-57	1.75268817204301	-57	-61	-47	-49	-66	0	0	
09:31:46,764	0	0	-64	-67	27.61	
09:31:47,045	-53	1575.10080645161	0	0	-49	32.64	
09:31:47,389	0	0	0	-63	-65	-57	
09:31:47,670	-57	1.76010781671159	-57	-61	-47	-49	-66	0	0	
09:31:47,998	0	0	-65	-68	27.43	
09:31:48,280	-53	1587.70161290323	0	0	-49	32.28	
09:31:48,639	0	0	0	-64	-66	-57	
09:31:48,936	-57	1.75268817204301	-57	-60	-47	-49	-64	0	0	
09:31:49,248	0	0	-63	-67	27.43	
09:31:49,530	-53	1575.10080645161	0	0	-49	32.28	
09:31:49,889	0	0	0	-63	-66	-57	
09:31:50,186	-57	1.75268817204301	-57	-61	-47	-50	-65	0	0	
09:31:50,514	0	0	-64	-68	27.43	
09:31:50,795	-53	1575.10080645161	0	0	-49	32.46	
09:31:51,139	0	0	0	-66	-66	-57	
09:31:51,452	-57	1.76010781671159	-57	-60	-47	-49	-64	0	0	
09:31:51,764	0	0	-64	-68	27.43	
09:31:52,045	-53	1575.10080645161	0	0	-49	32.46	
09:31:52,373	0	0	0	-65	-66	-57	
09:31:52,670	-57	1.76010781671159	-57	-60	-47	-49	-65	0	0	
09:31:52,983	0	0	-64	-67	27.25	
09:31:53,264	-53	1568.80040322581	0	0	-49	32.1	
09:31:53,639	0	0	0	-66	-66	-57	
09:31:53,952	-57	1.76010781671159	-57	-60	-47	-50	-64	0	0	
09:31:54,280	0	0	-64	-67	27.61	
09:31:54,561	-53	1562.5	0	0	-49	32.28	
09:31:54,889	0	0	0	-65	-66	-57	
09:31:55,186	-57	1.76756756756757	-57	-60	-47	-50	-64	0	0	
09:31:55,514	0	0	-64	-67	27.43	
09:31:55,795	-53	1568.80040322581	0	0	-49	32.46	
09:31:56,155	0	0	0	-64	-66	-57	
09:31:56,467	-57	1.74530831099196	-57	-60	-47	-50	-63	0	0	
09:31:56,795	0	0	-64	-68	27.43	
09:31:57,077	-53	1581.40120967742	0	0	-49	32.46	
09:31:57,436	0	0	0	-66	-66	-56	
09:31:57,733	-57	1.76756756756757	-57	-60	-47	-49	-64	0	0	
09:31:58,045	0	0	-63	-66	27.43	
09:31:58,327	-53	1568.80040322581	0	0	-49	32.28	
09:31:58,670	0	0	0	-64	-66	-57	
09:31:58,967	-57	1.76010781671159	-57	-60	-47	-50	-65	0	0	
09:31:59,295	0	0	-64	-67	27.43	
09:31:59,577	-53	1575.10080645161	0	0	-49	32.28	
09:31:59,920	0	0	0	-64	-66	-57	
09:32:00,202	-57	1.75268817204301	-57	-60	-47	-49	-65	0	0	
09:32:00,530	0	0	-64	-68	27.43	
09:32:00,842	-53	1587.70161290323	0	0	-48	32.46	
09:32:01,264	0	0	0	-66	-66	-56	
09:32:01,561	-57	1.76010781671159	-57	-60	-46	-49	-64	0	0	
09:32:01,889	0	0	-63	-66	27.43	
09:32:02,202	-53	1568.80040322581	0	0	-49	32.46	
09:32:02,530	0	0	0	-66	-66	-57	
09:32:02,842	-57	1.75268817204301	-57	-61	-47	-50	-64	0	0	
09:32:03,186	0	0	-64	-68	27.43	
09:32:03,467	-53	1581.40120967742	0	0	-49	32.28	
09:32:03,858	0	0	0	-66	-65	-57	
09:32:04,155	-57	1.76010781671159	-57	-60	-47	-49	-64	0	0	
09:32:04,483	0	0	-64	-67	27.43	
09:32:04,764	-53	1575.10080645161	0	0	-49	32.46	
09:32:05,092	0	0	0	-64	-64	-57	
09:32:05,373	-57	1.76756756756757	-57	-60	-46	-50	-64	0	0	
09:32:05,702	0	0	-64	-68	27.61	
09:32:05,998	-53	1581.40120967742	0	0	-49	32.46	
09:32:06,342	0	0	0	-66	-66	-57	
09:32:06,639	-57	1.76010781671159	-57	-59	-47	-50	-64	0	0	
09:32:06,952	0	0	-63	-66	27.43	
09:32:07,233	-53	1587.70161290323	0	0	-48	32.46	
09:32:07,577	0	0	0	-66	-66	-57	
09:32:07,873	-57	1.76756756756757	-57	-59	-47	-50	-63	0	0	
09:32:08,186	0	0	-63	-67	27.43	
09:32:08,467	-53	1575.10080645161	0	0	-49	32.46	
09:32:08,795	0	0	0	-66	-66	-57	
09:32:09,108	-57	1.76756756756757	-57	-60	-47	-50	-64	0	0	
09:32:09,420	0	0	-64	-67	27.25	
09:32:09,717	-53	1575.10080645161	0	0	-49	32.46	
09:32:10,045	0	0	0	-64	-65	-57	
09:32:10,358	-57	1.76010781671159	-57	-60	-47	-50	-64	0	0	
09:32:10,686	0	0	-64	-68	27.43	
09:32:10,967	-53	1581.40120967742	0	0	-49	32.46	
09:32:11,311	0	0	0	-65	-66	-57	
09:32:11,655	-57	1.76010781671159	-57	-60	-47	-50	-64	0	0	
09:32:11,983	0	0	-64	-67	27.25	
09:32:12,264	-53	1581.40120967742	0	0	-49	32.46	
