Reader Antennas:	Ant:1	Ant:2	Ant:3	Ant:4	
110110110110110110110110	Sensor2		CC0CC0CC0CC0CC0CC0CC0CC0	RSSI		CC2CC2CC2CC2CC2CC2CC2CC2	RSSI		B4B4B4B4B4B4B4B4B4B4B4B4	RSSI		A2A2A2A2A2A2A2A2A2A2A2A2	RSSI		AD1213014B89578E59000040	RSSI		
124124124124124124124124	RSSI	Sensor1		AD1213014B88DF915E000033	RSSI		AD1213014B89F18F5D000053	RSSI		AD1213014B889F8F5B00002C	RSSI		AD1213014B7BF7905C0000CB	RSSI		AD1213014B89578E59000040	RSSI		CC0CC0CC0CC0CC0CC0CC0CC0	RSSI		CC2CC2CC2CC2CC2CC2CC2CC2	RSSI		
CC0CC0CC0CC0CC0CC0CC0CC0	RSSI		CC2CC2CC2CC2CC2CC2CC2CC2	RSSI		E3E3E3E3E3E3E3E3E3E3E3E3	RSSI		010101010101010101010101	RSSI	Temperature		
888888888888888888888888	RSSI	Sensor1		CC0CC0CC0CC0CC0CC0CC0CC0	RSSI		CC2CC2CC2CC2CC2CC2CC2CC2	RSSI		122122122122122122122122	RSSI	Temperature		
10:23:51,358	0	0	0	-63	-67	-57	
10:23:51,670	-56	1.48543689320388	-57	-59	-47	-49	-63	0	0	
10:23:52,014	0	0	-64	-66	27.43	
10:23:52,295	-53	1581.40120967742	0	0	0	32.82	
10:23:52,639	0	0	0	-63	-66	-57	
10:23:52,936	-56	1.48543689320388	-57	-59	-48	-49	-63	0	0	
10:23:53,264	0	0	-64	-67	27.43	
10:23:53,577	-51	1594.00201612903	0	0	0	32.46	
10:23:54,139	0	0	0	-64	-67	-57	
10:23:54,436	-56	1.48543689320388	-57	-59	-48	-49	-63	0	0	
10:23:54,764	0	0	-64	-66	27.61	
10:23:55,045	-50	1581.40120967742	0	0	0	32.64	
10:23:55,717	0	0	0	-64	-67	-57	
10:23:56,014	-56	1.49148418491484	-57	-59	-47	-49	-63	0	0	
10:23:56,342	0	0	-64	-65	27.43	
10:23:56,623	-50	1581.40120967742	0	0	0	32.64	
10:23:57,717	0	0	0	-64	-67	-57	
10:23:58,014	-56	1.50366748166259	-57	-59	-47	-49	-63	0	0	
10:23:58,342	0	0	-64	-66	27.61	
10:23:58,623	-50	1581.40120967742	0	0	0	32.64	
10:23:59,139	0	0	0	-64	-68	-57	
10:23:59,436	-56	1.49148418491484	-57	-59	-47	-49	-63	0	0	
10:23:59,764	0	0	-64	-66	27.43	
10:24:00,045	-51	1575.10080645161	0	0	0	32.82	
10:24:00,389	0	0	0	-64	-67	-57	
10:24:00,686	-56	1.49148418491484	-57	-59	-48	-49	-64	0	0	
10:24:01,030	0	0	-64	-66	27.43	
10:24:01,311	-52	1581.40120967742	0	0	0	32.46	
10:24:02,405	0	0	0	-64	-68	-57	
10:24:02,702	-56	1.50366748166259	-57	-59	-47	-49	-63	0	0	
10:24:03,030	0	0	-64	-66	27.43	
10:24:03,311	-50	1581.40120967742	0	0	0	32.64	
10:24:03,842	0	0	0	-64	-67	-56	
10:24:04,139	-56	1.50366748166259	-57	-59	-48	-49	-63	0	0	
10:24:04,467	0	0	-64	-66	27.61	
10:24:04,748	-53	1594.00201612903	0	0	0	32.64	
10:24:05,264	0	0	0	-64	-67	-57	
10:24:05,561	-56	1.50980392156863	-57	-59	-48	-49	-64	0	0	
10:24:05,905	0	0	-64	-64	27.43	
10:24:06,186	-51	1594.00201612903	0	0	0	32.82	
10:24:06,514	0	0	0	-64	-67	-57	
10:24:06,827	-56	1.49756097560976	-57	-59	-47	-49	-63	0	0	
10:24:07,155	0	0	-64	-66	27.61	
10:24:07,436	-50	1581.40120967742	0	0	0	32.64	
10:24:07,748	0	0	0	-64	-66	-57	
10:24:08,045	-56	1.50366748166259	-57	-59	-48	-49	-64	0	0	
10:24:08,373	0	0	-64	-66	27.43	
10:24:08,655	-53	1581.40120967742	0	0	0	32.82	
10:24:09,748	0	0	0	-64	-66	-57	
10:24:10,045	-56	1.50366748166259	-57	-59	-48	-49	-63	0	0	
10:24:10,373	0	0	-64	-64	27.61	
10:24:10,655	-51	1594.00201612903	0	0	0	32.82	
10:24:11,530	0	0	0	-64	-66	-57	
10:24:11,827	-56	1.51597051597052	-57	-59	-47	-49	-62	0	0	
10:24:12,139	0	0	-64	-66	27.43	
10:24:12,420	-50	1575.10080645161	0	0	0	32.46	
10:24:13,264	0	0	0	-64	-66	-57	
10:24:13,561	-55	1.51597051597052	-57	-59	-48	-49	-64	0	0	
10:24:13,889	0	0	-64	-66	27.43	
10:24:14,170	-53	1581.40120967742	0	0	0	32.64	
10:24:14,889	0	0	0	-64	-67	-57	
10:24:15,217	-56	1.52216748768473	-57	-59	-48	-49	-64	0	0	
10:24:15,545	0	0	-64	-66	27.43	
10:24:15,858	-52	1587.70161290323	0	0	0	32.82	
10:24:16,202	0	0	0	-65	-66	-57	
10:24:16,514	-56	1.51597051597052	-57	-59	-47	-49	-63	0	0	
10:24:16,842	0	0	-64	-66	27.61	
10:24:17,123	-50	1581.40120967742	0	0	0	32.82	
10:24:17,623	0	0	0	-64	-67	-57	
10:24:17,936	-56	1.51597051597052	-57	-59	-47	-49	-64	0	0	
10:24:18,264	0	0	-64	-66	27.61	
10:24:18,545	-50	1581.40120967742	0	0	0	32.82	
10:24:19,077	0	0	0	-64	-67	-57	
10:24:19,389	-56	1.51597051597052	-57	-59	-47	-49	-63	0	0	
10:24:19,717	0	0	-64	-66	27.43	
10:24:19,998	-50	1587.70161290323	0	0	0	32.82	
10:24:20,530	0	0	0	-64	-67	-57	
10:24:20,827	-56	1.52216748768473	-57	-59	-47	-49	-64	0	0	
10:24:21,155	0	0	-64	-66	27.61	
10:24:21,436	-50	1575.10080645161	0	0	0	32.64	
10:24:22,311	0	0	0	-64	-67	-57	
10:24:22,608	-56	1.52216748768473	-57	-59	-47	-49	-64	0	0	
10:24:22,936	0	0	-64	-66	27.61	
10:24:23,217	-53	1587.70161290323	0	0	0	32.64	
10:24:23,733	0	0	0	-64	-67	-56	
10:24:24,030	-56	1.52216748768473	-57	-59	-47	-49	-64	0	0	
10:24:24,342	0	0	-64	-66	27.79	
10:24:24,623	-50	1581.40120967742	0	0	0	32.82	
10:24:25,623	0	0	0	-64	-68	-57	
10:24:25,920	-56	1.5283950617284	-57	-59	-47	-49	-64	0	0	
10:24:26,248	0	0	-64	-65	27.43	
10:24:26,530	-50	1581.40120967742	0	0	0	32.64	
10:24:27,248	0	0	0	-64	-66	-57	
10:24:27,530	-56	1.52216748768473	-57	-59	-48	-49	-64	0	0	
10:24:27,905	0	0	-64	-66	27.43	
10:24:28,201	-50	1581.40120967742	0	0	0	32.82	
10:24:28,686	0	0	0	-64	-67	-57	
10:24:28,998	-56	1.5283950617284	-57	-59	-47	-49	-64	0	0	
10:24:29,327	0	0	-64	-66	27.43	
10:24:29,623	-53	1587.70161290323	0	0	0	32.64	
10:24:29,983	0	0	0	-65	-66	-57	
10:24:30,280	-56	1.5283950617284	-57	-59	-47	-49	-63	0	0	
10:24:30,608	0	0	-64	-66	27.61	
10:24:30,920	-53	1581.40120967742	0	0	0	32.64	
10:24:31,420	0	0	0	-66	-66	-57	
10:24:31,717	-56	1.5283950617284	-57	-58	-47	-49	-64	0	0	
10:24:32,092	0	0	-64	-67	27.43	
10:24:32,420	-51	1587.70161290323	0	0	0	-1000	
10:24:33,764	0	0	0	-66	-67	-57	
10:24:34,061	-56	1.53465346534653	-57	-58	-47	-50	-63	0	0	
10:24:34,389	0	0	-64	-66	27.61	
10:24:34,670	-53	1581.40120967742	0	0	0	-1000	
10:24:36,045	0	0	0	-66	-68	-57	
10:24:36,342	-56	1.5283950617284	-57	-59	-47	-49	-64	0	0	
10:24:36,670	0	0	-64	-64	27.43	
10:24:36,952	-51	1594.00201612903	0	0	0	-1000	
10:24:38,248	0	0	0	-66	-68	-57	
10:24:38,545	-55	1.52216748768473	-57	-58	-47	-50	-64	0	0	
10:24:38,873	0	0	-64	-66	27.61	
10:24:39,186	-52	1594.00201612903	0	0	0	32.82	
10:24:39,858	0	0	0	-66	-66	-57	
10:24:40,170	-56	1.5283950617284	-57	-58	-47	-49	-64	0	0	
10:24:40,498	0	0	-64	-66	27.61	
10:24:40,780	-51	1575.10080645161	0	0	0	32.64	
10:24:41,639	0	0	0	-66	-67	-57	
10:24:41,920	-56	1.53465346534653	-57	-58	-47	-49	-64	0	0	
10:24:42,217	0	0	-64	-64	27.43	
10:24:42,498	-51	1600.30241935484	0	0	0	32.64	
10:24:42,998	0	0	0	-65	-66	-57	
10:24:43,280	-56	1.53465346534653	-57	-59	-47	-49	-64	0	0	
10:24:43,623	0	0	-64	-65	27.43	
10:24:43,905	-51	1594.00201612903	0	0	0	32.82	
10:24:44,248	0	0	0	-66	-67	-57	
10:24:44,545	-56	1.53465346534653	-57	-58	-47	-49	-64	0	0	
10:24:44,873	0	0	-64	-66	27.43	
10:24:45,155	-50	1581.40120967742	0	0	0	32.64	
10:24:45,842	0	0	0	-66	-67	-57	
10:24:46,139	-56	1.53465346534653	-57	-58	-47	-49	-63	0	0	
10:24:46,467	0	0	-64	-66	27.61	
10:24:46,748	-50	1587.70161290323	0	0	0	32.64	
10:24:47,170	0	0	0	-65	-67	-57	
10:24:47,467	-56	1.53465346534653	-57	-58	-47	-49	-64	0	0	
10:24:47,811	0	0	-64	-66	27.43	
10:24:48,108	-53	1581.40120967742	0	0	0	32.64	
10:24:48,545	0	0	0	-65	-67	-57	
10:24:48,842	-55	1.5409429280397	-57	-58	-47	-49	-64	0	0	
10:24:49,170	0	0	-64	-66	27.43	
10:24:49,452	-53	1581.40120967742	0	0	0	32.64	
10:24:49,858	0	0	0	-66	-67	-57	
10:24:50,155	-56	1.53465346534653	-57	-58	-47	-49	-64	0	0	
10:24:50,483	0	0	-64	-65	27.61	
10:24:50,764	-50	1581.40120967742	0	0	0	32.64	
10:24:51,967	0	0	0	-66	-67	-57	
10:24:52,264	-55	1.53465346534653	-57	-59	-47	-49	-64	0	0	
10:24:52,592	0	0	-64	-66	27.43	
10:24:52,873	-53	1587.70161290323	0	0	0	32.64	
10:24:53,389	0	0	0	-66	-67	-57	
10:24:53,686	-56	1.5409429280397	-57	-58	-47	-49	-63	0	0	
10:24:54,045	0	0	-64	-66	27.61	
10:24:54,327	-52	1587.70161290323	0	0	0	32.64	
10:24:54,670	0	0	0	-67	-67	-57	
10:24:54,967	-56	1.5409429280397	-57	-58	-47	-49	-63	0	0	
10:24:55,280	0	0	-64	-65	27.79	
10:24:55,561	-50	1581.40120967742	0	0	0	32.82	
10:24:55,889	0	0	0	-63	-67	-57	
10:24:56,170	-56	1.54726368159204	-57	-59	-48	-49	-64	0	0	
10:24:56,514	0	0	-64	-67	27.61	
10:24:56,780	-52	1587.70161290323	0	0	0	32.64	
10:24:57,342	0	0	0	-63	-66	-57	
10:24:57,639	-56	1.54726368159204	-57	-59	-48	-49	-64	0	0	
10:24:57,967	0	0	-64	-64	27.61	
10:24:58,248	-51	1587.70161290323	0	0	0	32.64	
10:24:58,827	0	0	0	-63	-66	-57	
10:24:59,123	-56	1.56	-57	-58	-48	-49	-64	0	0	
10:24:59,436	0	0	-64	-66	27.43	
10:24:59,717	-50	1581.40120967742	0	0	0	32.64	
10:25:00,389	0	0	0	-63	-66	-57	
10:25:00,670	-56	1.5409429280397	-57	-59	-48	-49	-64	0	0	
10:25:01,014	0	0	-64	-67	27.61	
10:25:01,295	-52	1587.70161290323	0	0	0	32.82	
10:25:01,639	0	0	0	-63	-66	-57	
10:25:01,936	-56	1.54726368159204	-57	-59	-47	-49	-63	0	0	
10:25:02,280	0	0	-64	-66	27.43	
10:25:02,592	-53	1575.10080645161	0	0	0	32.64	
10:25:02,952	0	0	0	-63	-66	-57	
10:25:03,264	-56	1.55361596009975	-57	-59	-47	-49	-63	0	0	
10:25:03,592	0	0	-64	-66	27.43	
10:25:03,905	-53	1587.70161290323	0	0	0	32.82	
10:25:04,530	0	0	0	-63	-66	-57	
10:25:04,873	-56	1.54726368159204	-57	-59	-48	-49	-64	0	0	
10:25:05,217	0	0	-64	-67	27.43	
10:25:05,514	-51	1594.00201612903	0	0	0	32.64	
10:25:05,889	0	0	0	-63	-66	-57	
10:25:06,186	-56	1.55361596009975	-57	-59	-48	-49	-64	0	0	
10:25:06,530	0	0	-64	-66	27.61	
10:25:06,811	-52	1581.40120967742	0	0	0	32.64	
10:25:07,202	0	0	0	-63	-66	-57	
10:25:07,498	-55	1.54726368159204	-57	-59	-48	-49	-64	0	0	
10:25:07,827	0	0	-64	-66	27.61	
10:25:08,123	-53	1587.70161290323	0	0	0	32.82	
10:25:08,514	0	0	0	-62	-66	-57	
10:25:08,811	-56	1.56	-57	-58	-47	-49	-63	0	0	
10:25:09,155	0	0	-64	-66	27.43	
10:25:09,436	-50	1587.70161290323	0	0	0	32.64	
10:25:10,452	0	0	0	-63	-66	-57	
10:25:10,764	-56	1.56	-57	-58	-47	-49	-63	0	0	
10:25:11,092	0	0	-64	-66	27.43	
10:25:11,373	-51	1575.10080645161	0	0	0	32.64	
10:25:11,905	0	0	0	-63	-66	-57	
10:25:12,202	-57	1.55361596009975	-57	-58	-47	-49	-63	0	0	
10:25:12,545	0	0	-64	-66	27.43	
10:25:12,827	-51	1581.40120967742	0	0	0	32.82	
10:25:13,561	0	0	0	-63	-66	-57	
10:25:13,858	-56	1.56	-57	-58	-47	-49	-63	0	0	
10:25:14,202	0	0	-64	-66	27.43	
10:25:14,483	-53	1594.00201612903	0	0	0	32.64	
10:25:14,858	0	0	0	-63	-66	-57	
10:25:15,155	-56	1.56	-57	-58	-48	-49	-63	0	0	
10:25:15,483	0	0	-64	-65	27.43	
10:25:15,764	-50	1581.40120967742	0	0	0	32.64	
10:25:16,327	0	0	0	-63	-66	-57	
10:25:16,639	-56	1.56	-57	-59	-48	-49	-64	0	0	
10:25:16,983	0	0	-64	-66	27.61	
10:25:17,264	-52	1587.70161290323	0	0	0	32.64	
10:25:18,170	0	0	0	-63	-66	-57	
10:25:18,467	-56	1.56	-57	-59	-47	-49	-63	0	0	
10:25:18,795	0	0	-64	-66	27.61	
10:25:19,076	-50	1575.10080645161	0	0	0	32.64	
10:25:19,608	0	0	0	-64	-66	-57	
10:25:19,920	-56	1.56	-57	-59	-48	-49	-64	0	0	
10:25:20,248	0	0	-64	-67	27.43	
10:25:20,530	-52	1587.70161290323	0	0	0	32.64	
10:25:21,045	0	0	0	-64	-66	-57	
10:25:21,342	-56	1.55361596009975	-57	-59	-48	-49	-64	0	0	
10:25:21,686	0	0	-64	-66	27.43	
10:25:21,952	-53	1581.40120967742	0	0	0	32.46	
10:25:22,545	0	0	0	-64	-66	-57	
10:25:22,842	-56	1.56	-57	-59	-48	-49	-64	0	0	
10:25:23,186	0	0	-64	-64	27.43	
10:25:23,467	-51	1587.70161290323	0	0	0	32.64	
10:25:23,795	0	0	0	-64	-66	-57	
10:25:24,108	-56	1.56	-57	-59	-48	-49	-64	0	0	
10:25:24,436	0	0	-64	-66	27.43	
10:25:24,717	-51	1581.40120967742	0	0	0	32.64	
10:25:25,248	0	0	0	-63	-66	-57	
10:25:25,545	-56	1.56	-57	-59	-48	-49	-64	0	0	
10:25:25,873	0	0	-64	-67	27.43	
10:25:26,155	-52	1600.30241935484	0	0	0	32.82	
10:25:26,670	0	0	0	-63	-66	-57	
10:25:26,967	-55	1.56641604010025	-57	-59	-48	-49	-63	0	0	
10:25:27,311	0	0	-64	-66	27.43	
10:25:27,608	-52	1587.70161290323	0	0	0	32.46	
10:25:28,170	0	0	0	-63	-66	-57	
10:25:28,467	-56	1.56	-57	-58	-48	-49	-64	0	0	
10:25:28,795	0	0	-64	-64	27.61	
10:25:29,077	-51	1587.70161290323	0	0	0	32.82	
10:25:29,623	0	0	0	-63	-66	-57	
10:25:29,920	-56	1.55361596009975	-57	-59	-47	-49	-64	0	0	
10:25:30,248	0	0	-64	-66	27.43	
10:25:30,561	-53	1587.70161290323	0	0	0	32.82	
10:25:31,077	0	0	0	-64	-67	-57	
10:25:31,373	-56	1.56	-57	-59	-47	-49	-64	0	0	
10:25:31,717	0	0	-64	-66	27.43	
10:25:31,998	-50	1575.10080645161	0	0	0	32.82	
10:25:32,514	0	0	0	-64	-66	-57	
10:25:32,811	-56	1.57286432160804	-57	-59	-48	-49	-63	0	0	
10:25:33,139	0	0	-64	-66	27.43	
10:25:33,420	-50	1587.70161290323	0	0	0	32.64	
10:25:33,764	0	0	0	-63	-66	-57	
10:25:34,061	-55	1.56	-57	-59	-48	-49	-64	0	0	
10:25:34,436	0	0	-64	-65	27.43	
10:25:34,717	-51	1594.00201612903	0	0	0	32.82	
10:25:35,280	0	0	0	-63	-66	-57	
10:25:35,577	-55	1.56641604010025	-57	-59	-48	-49	-63	0	0	
10:25:35,905	0	0	-64	-66	27.43	
10:25:36,202	-53	1587.70161290323	0	0	0	32.64	
10:25:36,717	0	0	0	-63	-67	-57	
10:25:37,014	-56	1.56	-57	-58	-48	-49	-63	0	0	
10:25:37,342	0	0	-64	-66	27.61	
10:25:37,623	-51	1575.10080645161	0	0	0	32.64	
10:25:38,155	0	0	0	-64	-67	-57	
10:25:38,483	-55	1.56641604010025	-57	-58	-48	-49	-65	0	0	
10:25:38,858	0	0	-64	-65	27.43	
10:25:39,139	-51	1587.70161290323	0	0	0	32.64	
10:25:39,889	1023	0	0	-62	-67	-57	
10:25:40,186	-56	1.56	-57	-58	-48	-49	-63	0	0	
10:25:40,498	0	0	-64	-66	27.43	
10:25:40,780	-51	1575.10080645161	0	0	0	32.82	
10:25:41,123	1023	0	0	-62	-73	-57	
10:25:41,420	-55	1.56641604010025	-57	-58	-48	-49	-64	0	0	
10:25:41,733	0	0	-65	-66	27.43	
10:25:41,998	-53	1581.40120967742	0	0	0	32.64	
10:25:42,701	1023	0	0	-63	0	-57	
10:25:42,983	-56	1.56	-57	-58	-47	-49	-63	0	0	
10:25:43,295	0	0	-64	-66	27.43	
10:25:43,577	-51	1575.10080645161	0	0	0	32.64	
10:25:43,920	1023	0	0	-62	0	-57	
10:25:44,202	-56	1.57286432160804	-57	-58	-48	-50	-64	0	0	
10:25:44,530	0	0	-64	-66	27.61	
10:25:44,811	-53	1587.70161290323	0	0	0	32.64	
10:25:45,186	1023	0	0	-62	0	-57	
10:25:45,483	-56	1.56641604010025	-57	-58	-47	-49	-64	0	0	
10:25:45,842	0	0	-64	-67	27.61	
10:25:46,108	-52	1587.70161290323	0	0	0	32.46	
10:25:46,608	1023	0	0	-64	0	-57	
10:25:46,889	-56	1.57286432160804	-57	-59	-48	-49	-63	0	0	
10:25:47,202	0	0	-64	-67	27.61	
10:25:47,467	-52	1587.70161290323	0	0	0	32.64	
10:25:47,842	1023	-62	0	-62	0	-57	
10:25:48,139	-56	1.56641604010025	-58	-57	-47	-49	-74	0	0	
10:25:48,483	0	0	-65	-66	27.61	
10:25:48,764	-53	1581.40120967742	0	0	0	32.82	
10:25:49,155	1023	0	0	-67	0	-76	
10:25:49,467	-56	1.57286432160804	-57	-59	-47	-49	-70	0	0	
10:25:49,780	0	0	-64	-66	27.61	
10:25:50,092	-53	1587.70161290323	0	0	0	32.64	
10:25:50,686	1023	0	0	-62	0	-67	
10:25:50,983	-56	1.57934508816121	-57	-57	-47	-49	-75	0	0	
10:25:51,295	0	0	-65	-65	27.43	
10:25:51,592	-51	1587.70161290323	0	0	0	32.82	
10:25:51,920	1023	0	0	-62	0	-70	
10:25:52,217	-57	1.56641604010025	-57	-59	-47	-49	-70	0	0	
10:25:52,530	0	0	-63	-66	27.61	
10:25:52,842	-53	1581.40120967742	0	0	0	32.46	
10:25:53,202	1023	0	0	-62	0	-59	
10:25:53,498	-57	1.56641604010025	-57	-58	-47	-49	-66	0	0	
10:25:53,827	0	0	-66	-66	27.61	
10:25:54,108	-50	1575.10080645161	0	0	0	32.82	
10:25:54,764	1023	0	0	-62	0	-57	
10:25:55,108	-56	1.57286432160804	-57	-59	-47	-49	-64	0	0	
10:25:55,436	-63	0	-63	-65	27.43	
10:25:55,748	-51	1600.30241935484	0	0	0	32.82	
10:25:56,092	1023	0	0	-62	0	-57	
10:25:56,389	-56	1.57286432160804	-57	-59	-47	-49	-66	0	0	
10:25:56,717	0	0	-62	-66	27.61	
10:25:56,983	-50	1619.20362903226	0	0	-49	-1000	
10:25:58,295	1023	0	0	-64	0	-57	
10:25:58,623	-56	1.57934508816121	-57	-59	-47	-49	-63	0	0	
10:25:58,936	0	0	-63	-67	27.43	
10:25:59,202	-51	1587.70161290323	0	0	-49	-1000	
10:26:00,514	1023	0	0	-62	0	-58	
10:26:00,811	-56	1.57286432160804	-57	-57	-47	-49	-69	0	0	
10:26:01,123	0	0	-62	-67	27.61	
10:26:01,405	-53	1587.70161290323	0	0	-50	-1000	
10:26:02,702	1023	0	-53	-68	0	-57	
10:26:02,998	-56	1.57934508816121	-59	-58	-48	-51	-66	0	0	
10:26:03,311	0	0	-63	-65	27.43	
10:26:03,577	-51	1594.00201612903	0	0	-50	-1000	
10:26:04,889	1023	0	0	-64	0	-67	
10:26:05,186	-57	1.57934508816121	-57	-59	-48	-49	0	0	0	
10:26:05,498	0	0	-65	-66	27.61	
10:26:05,795	-49	1612.90322580645	0	0	-50	32.82	
10:26:06,170	1023	0	0	-63	0	-66	
10:26:06,483	-56	1.57934508816121	-57	-57	-47	-49	0	0	0	
10:26:06,795	0	0	-66	-66	27.43	
10:26:07,077	-53	1594.00201612903	0	0	0	32.82	
10:26:08,061	1023	0	0	-62	0	-57	
10:26:08,373	-56	1.58585858585859	-57	-59	-47	-49	-66	0	0	
10:26:08,702	0	0	-64	-66	27.61	
10:26:08,983	-50	1594.00201612903	0	0	0	32.82	
10:26:09,327	1023	0	0	-62	0	-59	
10:26:09,623	-55	1.57934508816121	-57	-60	-47	-49	-66	0	0	
10:26:09,951	0	0	-65	-67	27.43	
10:26:10,233	-51	1556.1995967742	0	-50	0	32.46	
10:26:10,576	1023	-63	0	-62	0	-67	
10:26:10,873	-56	1.57286432160804	-57	-59	-47	-49	0	0	0	
10:26:11,186	0	0	-66	-68	27.61	
10:26:11,483	-50	1631.80443548387	0	-55	-50	32.82	
10:26:11,873	1023	0	0	-66	0	-63	
10:26:12,155	-56	1.58585858585859	-57	-57	-47	-49	-71	0	0	
10:26:12,467	0	0	-64	-67	27.61	
10:26:12,748	-52	1568.80040322581	0	0	-50	-1000	
10:26:14,061	1023	0	0	-65	0	-57	
10:26:14,358	-56	1.57934508816121	-57	-57	-47	-49	-70	0	0	
10:26:14,686	0	0	-65	-66	27.43	
10:26:14,967	-53	1556.1995967742	0	0	0	32.82	
10:26:15,780	1023	0	0	-64	0	-58	
10:26:16,092	-56	1.58585858585859	-57	-59	-48	-49	-71	0	0	
10:26:16,405	0	0	-67	-69	27.61	
10:26:16,686	-52	1600.30241935484	0	0	-50	32.82	
10:26:17,983	1023	0	0	-62	0	-72	
10:26:18,327	-56	1.57934508816121	-57	-59	-47	-49	0	0	0	
10:26:18,655	0	0	-64	-65	27.61	
10:26:18,951	-51	1486.89516129032	0	0	-57	32.82	
10:26:19,295	1023	0	0	-66	0	-71	
10:26:19,592	-56	1.58585858585859	-57	-59	-47	-49	0	0	0	
10:26:19,889	0	-56	-64	-66	27.61	
10:26:20,170	-51	1587.70161290323	0	0	0	-1000	
10:26:21,498	1023	0	0	-65	0	-66	
10:26:21,811	-55	1.58585858585859	-57	-60	-47	-49	0	0	0	
10:26:22,108	0	-57	-64	-66	27.43	
10:26:22,389	-53	1587.70161290323	0	0	0	32.64	
10:26:23,202	1023	0	0	-64	0	-65	
10:26:23,498	-56	1.57934508816121	-57	-60	-47	-49	0	0	0	
10:26:23,811	0	-49	-62	-68	27.43	
10:26:24,092	-51	1568.80040322581	0	0	0	-1000	
10:26:25,420	1023	0	0	-63	0	-61	
10:26:25,717	-55	1.58585858585859	-57	-59	-47	-49	-74	0	0	
10:26:26,030	0	0	-66	-66	27.43	
10:26:26,342	-53	1581.40120967742	0	0	0	33	
10:26:26,670	1023	0	0	-64	0	-69	
10:26:26,967	-56	1.58585858585859	-57	-59	-47	-49	0	0	0	
10:26:27,280	0	-51	-64	-67	27.61	
10:26:27,561	-53	1606.60282258065	0	0	0	-1000	
10:26:28,858	1023	0	0	-62	0	-70	
10:26:29,170	-56	1.57934508816121	-57	-58	-47	-49	0	0	0	
10:26:29,467	0	0	-63	-66	27.61	
10:26:29,748	-49	1594.00201612903	0	0	0	32.64	
10:26:30,577	1023	0	0	-64	0	-63	
10:26:30,873	-56	1.58585858585859	-57	-60	-47	-49	-77	0	0	
10:26:31,186	0	0	-63	-64	27.61	
10:26:31,467	-50	1587.70161290323	0	0	0	32.46	
10:26:32,436	1023	0	0	-64	0	-57	
10:26:32,733	-56	1.57286432160804	-57	-60	-47	-49	-69	0	0	
10:26:33,045	0	0	-64	-66	27.61	
10:26:33,327	-50	1606.60282258065	0	0	0	32.82	
10:26:33,811	1023	0	0	-69	0	-57	
10:26:34,123	-56	1.57934508816121	-57	-59	-47	-49	-69	0	0	
10:26:34,436	0	0	-64	-66	27.61	
10:26:34,717	-51	1575.10080645161	0	0	0	32.82	
10:26:35,202	1023	0	-57	-68	0	-57	
10:26:35,514	-56	1.57934508816121	-57	-59	-47	-49	-66	0	0	
10:26:35,811	0	0	-66	-64	27.61	
10:26:36,092	-50	1594.00201612903	0	0	0	32.82	
10:26:36,639	1023	0	-51	-63	0	-66	
10:26:36,936	-56	1.57286432160804	-58	-60	-48	-50	0	0	0	
10:26:37,280	0	0	-64	-68	27.43	
10:26:37,561	-52	1581.40120967742	0	0	0	32.82	
10:26:38,436	1023	0	0	-66	0	-70	
10:26:38,733	-56	1.57934508816121	-57	-60	-47	-49	0	0	0	
10:26:39,030	0	0	-64	-66	27.43	
10:26:39,342	-53	1581.40120967742	0	0	0	-1000	
10:26:40,686	1023	0	0	-64	0	-58	
10:26:40,983	-56	1.58585858585859	-57	-58	-47	-49	-66	0	0	
10:26:41,280	0	0	-64	-64	27.61	
10:26:41,561	-51	1581.40120967742	0	0	0	32.82	
10:26:42,248	1023	0	0	-64	0	-57	
10:26:42,545	-56	1.57934508816121	-57	-58	-47	-49	-64	0	0	
10:26:42,858	0	0	-64	-64	27.61	
10:26:43,139	-51	1568.80040322581	0	0	0	32.82	
10:26:43,983	1023	0	0	-62	-70	-57	
10:26:44,295	-56	1.57934508816121	-57	-58	-48	-49	-65	0	0	
10:26:44,623	0	0	-64	-66	27.61	
10:26:44,905	-53	1587.70161290323	0	0	0	-1000	
10:26:46,248	0	0	0	-63	-68	-57	
10:26:46,545	-56	1.57286432160804	-57	-58	-48	-49	-64	0	0	
10:26:46,842	0	0	-65	-64	27.61	
10:26:47,123	-51	1587.70161290323	0	0	0	32.82	
10:26:47,639	0	0	0	-63	-66	-57	
10:26:47,952	-56	1.57934508816121	-57	-59	-47	-49	-64	0	0	
10:26:48,280	0	0	-65	-64	27.43	
10:26:48,561	-51	1587.70161290323	0	0	0	32.64	
10:26:49,123	0	0	0	-64	-67	-57	
10:26:49,420	-56	1.57934508816121	-57	-58	-47	-49	-64	0	0	
10:26:49,748	0	0	-64	-65	27.61	
10:26:50,030	-50	1594.00201612903	0	0	0	32.82	
10:26:50,780	0	0	0	-62	-68	-57	
10:26:51,077	-56	1.57934508816121	-57	-59	-48	-49	-64	0	0	
10:26:51,405	0	0	-64	-66	27.61	
10:26:51,670	-52	1587.70161290323	0	0	0	32.82	
10:26:52,030	0	0	0	-63	-68	-57	
10:26:52,327	-56	1.57286432160804	-57	-58	-47	-49	-64	0	0	
10:26:52,655	0	0	-64	-65	27.79	
10:26:52,936	-50	1575.10080645161	0	0	0	33	
10:26:53,436	0	0	0	-64	-67	-57	
10:26:53,733	-56	1.56641604010025	-57	-58	-47	-49	-63	0	0	
10:26:54,076	0	0	-64	-66	27.61	
10:26:54,358	-51	1575.10080645161	0	0	0	32.82	
10:26:55,264	0	0	0	-64	-68	-57	
10:26:55,561	-56	1.57286432160804	-57	-59	-48	-49	-64	0	0	
10:26:55,889	0	0	-64	-64	27.79	
10:26:56,202	-50	1575.10080645161	0	0	0	33	
10:26:56,717	0	0	0	-64	-67	-57	
10:26:57,014	-56	1.57286432160804	-57	-58	-48	-49	-64	0	0	
10:26:57,327	0	0	-64	-65	27.79	
10:26:57,608	-51	1575.10080645161	0	0	0	32.82	
10:26:58,123	0	0	0	-64	-67	-57	
10:26:58,436	-56	1.56	-57	-58	-48	-49	-64	0	0	
10:26:58,780	0	0	-64	-67	27.61	
10:26:59,077	-52	1587.70161290323	0	0	0	32.82	
10:26:59,577	0	0	0	-64	-67	-57	
10:26:59,873	-55	1.57934508816121	-57	-58	-48	-49	-64	-73	0	
10:27:00,217	0	0	-64	-66	27.61	
10:27:00,498	-52	1587.70161290323	0	0	0	32.82	
10:27:01,842	0	0	0	-64	-68	-57	
10:27:02,139	-56	1.57934508816121	-57	-58	-48	-49	-63	0	0	
10:27:02,467	0	0	-64	-66	27.61	
10:27:02,748	-50	1587.70161290323	0	0	0	33	
10:27:03,467	0	0	0	-63	-67	-57	
10:27:03,780	-56	1.57934508816121	-57	-58	-48	-49	-64	0	0	
10:27:04,123	0	0	-65	-64	27.61	
10:27:04,467	-53	1587.70161290323	0	0	0	32.64	
10:27:04,967	0	0	0	-63	-67	-57	
10:27:05,264	-56	1.57934508816121	-57	-58	-48	-49	-63	0	0	
10:27:05,608	0	0	-65	-66	27.61	
10:27:05,889	-53	1587.70161290323	0	0	0	32.82	
10:27:06,405	0	0	0	-64	-67	-57	
10:27:06,702	-56	1.57286432160804	-57	-58	-48	-49	-62	0	0	
10:27:07,030	0	0	-64	-66	27.61	
10:27:07,311	-50	1581.40120967742	0	0	0	32.82	
10:27:07,873	0	0	0	-64	-67	-57	
10:27:08,186	-56	1.57934508816121	-57	-58	-47	-49	-63	0	0	
10:27:08,514	0	0	-64	-66	27.61	
10:27:08,795	-51	1568.80040322581	0	0	0	33	
10:27:09,327	0	0	0	-64	-67	-57	
10:27:09,623	-56	1.57934508816121	-57	-58	-48	-49	-63	0	0	
10:27:09,967	0	0	-64	-66	27.43	
10:27:10,248	-53	1581.40120967742	0	0	0	33	
10:27:10,623	0	0	0	-63	-67	-57	
10:27:10,920	-56	1.57934508816121	-57	-58	-48	-49	-63	0	0	
10:27:11,233	0	0	-64	-66	27.61	
10:27:11,514	-50	1575.10080645161	0	0	0	33	
10:27:12,780	0	0	0	-63	-68	-57	
10:27:13,076	-56	1.57934508816121	-57	-58	-47	-49	-64	0	0	
10:27:13,405	0	0	-64	-66	27.61	
10:27:13,686	-51	1581.40120967742	0	0	0	-1000	
10:27:14,983	0	0	0	-63	-68	-57	
10:27:15,295	-56	1.58585858585859	-57	-58	-48	-49	-64	0	0	
10:27:15,639	0	0	-65	-64	27.61	
10:27:15,920	-51	1594.00201612903	0	0	0	33	
10:27:16,248	0	0	0	-63	-68	-57	
10:27:16,545	-56	1.57934508816121	-57	-58	-48	-49	-63	0	0	
10:27:16,873	0	0	-64	-65	27.61	
10:27:17,155	-50	1575.10080645161	0	0	0	33	
10:27:17,686	0	0	0	-64	-68	-57	
10:27:17,983	-56	1.57286432160804	-57	-59	-48	-49	-64	0	0	
10:27:18,311	0	0	-64	-66	27.61	
10:27:18,608	-51	1587.70161290323	0	0	0	32.82	
10:27:19,108	0	0	0	-63	-68	-57	
10:27:19,420	-56	1.58585858585859	-57	-58	-48	-49	-62	0	0	
10:27:19,733	0	0	-64	-65	27.61	
10:27:20,014	-50	1581.40120967742	0	0	0	32.82	
10:27:20,702	0	0	0	-64	-68	-57	
10:27:20,998	-56	1.57934508816121	-57	-58	-47	-49	-63	0	0	
10:27:21,327	0	0	-64	-65	27.61	
10:27:21,623	-51	1575.10080645161	0	0	0	33	
10:27:21,952	0	0	0	-63	-67	-57	
10:27:22,264	-56	1.58585858585859	-57	-59	-48	-49	-63	0	0	
10:27:22,608	0	0	-64	-65	27.43	
10:27:22,889	-51	1581.40120967742	0	0	0	32.82	
10:27:23,233	0	0	0	-64	-67	-57	
10:27:23,530	-56	1.57286432160804	-57	-58	-48	-49	-63	0	0	
10:27:23,858	0	0	-64	-66	27.43	
10:27:24,139	-50	1581.40120967742	0	0	0	33	
10:27:24,655	0	0	0	-63	-68	-57	
10:27:24,983	-55	1.58585858585859	-57	-59	-48	-49	-63	0	0	
10:27:25,311	0	0	-64	-66	27.61	
10:27:25,592	-53	1587.70161290323	0	0	0	33	
10:27:26,108	0	0	0	-63	-68	-57	
10:27:26,436	-55	1.58585858585859	-57	-59	-48	-49	-63	0	0	
10:27:26,764	0	0	-64	-66	27.61	
10:27:27,045	-53	1581.40120967742	0	0	0	32.82	
10:27:27,623	0	0	0	-62	-67	-57	
10:27:27,920	-56	1.57934508816121	-57	-59	-48	-49	-63	0	0	
10:27:28,248	0	0	-64	-66	27.61	
10:27:28,530	-52	1587.70161290323	0	0	0	33	
10:27:28,889	0	0	0	-62	-67	-57	
10:27:29,186	-56	1.57934508816121	-57	-58	-47	-49	-63	0	0	
10:27:29,514	0	0	-64	-66	27.61	
10:27:29,827	-53	1587.70161290323	0	0	0	32.82	
10:27:30,342	0	0	0	-62	-67	-57	
10:27:30,702	-56	1.58585858585859	-57	-59	-47	-49	-64	0	0	
10:27:31,045	0	0	-65	-64	27.61	
10:27:31,327	-51	1587.70161290323	0	0	0	33	
10:27:31,889	0	0	0	-62	-68	-57	
10:27:32,186	-56	1.58585858585859	-57	-59	-47	-49	-63	0	0	
10:27:32,514	0	0	-64	-65	27.79	
10:27:32,795	-51	1581.40120967742	0	0	0	33	
10:27:33,295	0	0	0	-62	-67	-57	
10:27:33,592	-56	1.59240506329114	-57	-59	-47	-49	-63	0	0	
10:27:33,920	0	0	-64	-66	27.61	
10:27:34,202	-50	1575.10080645161	0	0	0	32.82	

