Reader Antennas:	Ant:1	Ant:2	Ant:3	Ant:4	
110110110110110110110110	Sensor2		CC0CC0CC0CC0CC0CC0CC0CC0	RSSI		CC2CC2CC2CC2CC2CC2CC2CC2	RSSI		B4B4B4B4B4B4B4B4B4B4B4B4	RSSI		A2A2A2A2A2A2A2A2A2A2A2A2	RSSI		AD1213014B89578E59000040	RSSI		
124124124124124124124124	RSSI	Sensor1		AD1213014B88DF915E000033	RSSI		AD1213014B89F18F5D000053	RSSI		AD1213014B889F8F5B00002C	RSSI		AD1213014B7BF7905C0000CB	RSSI		AD1213014B89578E59000040	RSSI		CC0CC0CC0CC0CC0CC0CC0CC0	RSSI		CC2CC2CC2CC2CC2CC2CC2CC2	RSSI		
CC0CC0CC0CC0CC0CC0CC0CC0	RSSI		CC2CC2CC2CC2CC2CC2CC2CC2	RSSI		E3E3E3E3E3E3E3E3E3E3E3E3	RSSI		010101010101010101010101	RSSI	Temperature		
888888888888888888888888	RSSI	Sensor1		CC0CC0CC0CC0CC0CC0CC0CC0	RSSI		CC2CC2CC2CC2CC2CC2CC2CC2	RSSI		122122122122122122122122	RSSI	Temperature		
10:46:03,061	0	0	0	-66	-65	-57	
10:46:03,358	-57	1.60559796437659	-57	-62	-46	-50	-62	0	0	
10:46:03,670	0	0	-64	-66	27.61	
10:46:03,952	-51	1600.30241935484	0	0	0	-1000	
10:46:05,420	0	0	0	-67	-64	-57	
10:46:05,717	-58	1.60559796437659	-57	-61	-46	-50	-62	0	0	
10:46:06,045	0	0	-64	-65	27.61	
10:46:06,326	-51	1594.00201612903	0	0	-49	-1000	
10:46:07,623	0	0	0	-66	-64	-57	
10:46:07,936	-58	1.5989847715736	-56	-57	-45	-49	-62	0	0	
10:46:08,248	0	0	-64	-65	27.61	
10:46:08,545	-51	1600.30241935484	0	0	-49	-1000	
10:46:09,842	0	0	0	-66	-65	-57	
10:46:10,139	-57	1.61224489795918	-56	-57	-46	-49	-62	0	0	
10:46:10,467	0	0	-64	-66	27.79	
10:46:10,748	-51	1594.00201612903	0	0	-50	-1000	
10:46:12,045	0	0	0	-66	-65	-57	
10:46:12,342	-57	1.61892583120205	-57	-59	-46	-49	-62	0	0	
10:46:12,670	0	0	-64	-65	27.61	
10:46:12,952	-50	1594.00201612903	0	0	-49	-1000	
10:46:14,264	0	0	0	-66	-65	-57	
10:46:14,561	-57	1.60559796437659	-57	-59	-46	-49	-62	0	0	
10:46:14,889	0	0	-64	-65	27.61	
10:46:15,170	-51	1594.00201612903	0	0	-49	-1000	
10:46:16,483	1023	0	0	-66	-66	-57	
10:46:16,780	-57	1.60559796437659	-56	-59	-45	-49	-61	0	0	
10:46:17,108	0	0	-64	-65	27.61	
10:46:17,389	-50	1600.30241935484	0	0	-49	-1000	
10:46:18,686	1023	0	0	-63	0	-58	
10:46:18,998	-57	1.60559796437659	-56	-58	-45	-49	-61	0	0	
10:46:19,327	0	0	-64	-66	27.61	
10:46:19,608	-52	1581.40120967742	0	0	-51	-1000	
10:46:20,920	1023	0	0	-63	0	-58	
10:46:21,217	-57	1.61224489795918	-57	-59	-45	-49	-62	0	0	
10:46:21,545	0	0	-64	-68	27.43	
10:46:21,811	-51	1594.00201612903	0	0	-50	-1000	
10:46:23,139	1023	0	0	-66	0	-57	
10:46:23,467	-57	1.61224489795918	-57	-59	-46	-49	-62	0	0	
10:46:23,827	0	0	-64	-66	27.61	
10:46:24,108	-50	1594.00201612903	0	0	-49	-1000	
10:46:25,420	1023	0	0	-63	0	-57	
10:46:25,717	-57	1.60559796437659	-57	-58	-46	-49	-64	0	0	
10:46:26,030	0	0	-64	-66	27.61	
10:46:26,311	-51	1594.00201612903	0	0	0	-1000	
10:46:27,623	1023	0	0	-65	-71	-64	
10:46:27,920	-57	1.61224489795918	-57	-61	-46	-49	-68	0	0	
10:46:28,248	0	0	-63	-66	27.79	
10:46:28,545	-51	1581.40120967742	0	0	-50	-1000	
10:46:29,858	1023	0	0	-67	-64	-58	
10:46:30,170	-57	1.61224489795918	-57	-61	-46	-49	-61	0	0	
10:46:30,498	0	-54	-64	-66	27.79	
10:46:30,780	-51	1594.00201612903	0	0	-50	-1000	
10:46:32,108	1023	0	0	-64	-65	-57	
10:46:32,420	-57	1.60559796437659	-57	-61	-46	-50	-62	0	0	
10:46:32,748	0	0	0	-67	27.61	
10:46:33,030	-50	1606.60282258065	0	0	0	-1000	
10:46:34,342	1023	0	0	-66	-65	-57	
10:46:34,639	-57	1.61224489795918	-57	-61	-47	-50	-63	0	0	
10:46:34,967	0	0	0	-66	27.43	
10:46:35,248	-50	1600.30241935484	0	0	-50	-1000	
10:46:36,545	1023	0	0	-66	-65	-57	
10:46:36,811	-57	1.61224489795918	-57	-61	-47	-50	-63	0	0	
10:46:37,139	0	0	0	-66	27.61	
10:46:37,420	-50	1600.30241935484	0	0	-50	-1000	
10:46:38,733	1023	0	0	-64	-65	-57	
10:46:39,076	-57	1.61224489795918	-57	-60	-47	-50	-62	0	0	
10:46:39,389	0	0	0	-65	27.79	
10:46:39,670	-51	1600.30241935484	0	0	0	-1000	
10:46:40,967	1023	0	0	-65	-66	-57	
10:46:41,264	-57	1.60559796437659	-57	-61	-47	-50	-62	0	0	
10:46:41,592	0	0	0	-66	27.43	
10:46:41,873	-51	1594.00201612903	0	0	0	-1000	
10:46:43,170	1023	0	0	-65	-67	-57	
10:46:43,467	-57	1.61224489795918	-57	-61	-47	-50	-62	0	0	
10:46:43,795	0	0	0	-66	27.61	
10:46:44,077	-51	1600.30241935484	0	0	0	-1000	
10:46:45,358	1023	0	0	-64	-66	-57	
10:46:45,670	-57	1.61224489795918	-57	-61	-47	-50	-62	0	0	
10:46:46,014	0	0	0	-66	27.79	
10:46:46,295	-51	1600.30241935484	0	0	0	-1000	
10:46:47,577	1023	0	0	-64	-66	-57	
10:46:47,889	-57	1.60559796437659	-57	-61	-46	-50	-63	0	0	
10:46:48,233	0	0	0	-67	27.43	
10:46:48,514	-50	1606.60282258065	0	0	0	32.82	
10:46:49,811	1023	0	0	-65	-66	-57	
10:46:50,108	-57	1.60559796437659	-57	-61	-47	-50	-62	0	0	
10:46:50,405	0	0	-62	-66	27.79	
10:46:50,686	-49	1606.60282258065	0	-57	0	33	
10:46:51,686	1023	0	0	-64	-66	-57	
10:46:51,983	-57	1.63239074550129	-57	-61	-46	-50	-62	0	0	
10:46:52,295	0	0	-67	-65	27.61	
10:46:52,592	-48	1581.40120967742	0	0	-49	32.82	
10:46:53,248	1023	0	0	-64	-68	-58	
10:46:53,545	-57	1.61224489795918	-57	-62	-46	-50	-62	0	0	
10:46:53,905	0	0	-65	-65	27.61	
10:46:54,202	-56	1600.30241935484	0	-51	-63	32.82	
10:46:54,545	1023	0	0	-64	-66	-58	
10:46:54,858	-57	1.61224489795918	-57	-61	-46	-50	-62	0	0	
10:46:55,217	0	0	-64	-66	27.61	
10:46:55,498	0	1587.70161290323	0	-49	0	32.82	
10:46:56,686	1023	0	0	-66	-66	-57	
10:46:56,983	-57	1.61224489795918	-57	-61	-46	-50	-62	0	0	
10:46:57,311	0	0	-65	-64	27.43	
10:46:57,592	-49	1612.90322580645	0	0	-57	32.82	
10:46:57,967	1023	0	0	-66	-65	-58	
10:46:58,280	-57	1.60559796437659	-57	-61	-46	-50	-62	0	0	
10:46:58,608	0	0	-64	-66	27.43	
10:46:58,936	-49	1600.30241935484	0	0	0	-1000	
10:47:00,233	1023	0	0	-64	-66	-57	
10:47:00,530	-57	1.61224489795918	-57	-61	-46	-50	-62	0	0	
10:47:00,842	0	0	-64	-65	27.61	
10:47:01,123	-50	1594.00201612903	0	0	0	-1000	
10:47:02,436	1023	0	0	-66	-68	-57	
10:47:02,733	-57	1.61892583120205	-57	-62	-46	-50	-63	0	0	
10:47:03,061	0	0	-65	-64	27.61	
10:47:03,342	-50	1587.70161290323	0	0	0	-1000	
10:47:04,639	1023	0	0	-63	-66	-57	
10:47:04,936	-57	1.61892583120205	-57	-62	-46	-49	-62	0	0	
10:47:05,264	0	0	-63	-64	27.43	
10:47:05,545	-51	1587.70161290323	0	0	0	32.64	
10:47:06,373	1023	0	0	-64	-66	-57	
10:47:06,686	-57	1.61224489795918	-57	-62	-46	-50	-62	0	0	
10:47:07,014	0	0	-64	-67	27.61	
10:47:07,295	-51	1600.30241935484	0	0	0	-1000	
10:47:08,592	1023	0	0	-66	-66	-57	
10:47:08,905	-57	1.61892583120205	-57	-62	-46	-49	-63	0	0	
10:47:09,233	0	0	-65	-67	27.61	
10:47:09,561	-50	1606.60282258065	0	0	-49	-1000	
10:47:10,858	1023	0	0	-65	-67	-57	
10:47:11,155	-57	1.61892583120205	-57	-62	-46	-50	-63	0	0	
10:47:11,483	0	0	-62	-64	27.61	
10:47:11,795	-51	1581.40120967742	0	0	0	-1000	
10:47:13,092	1023	0	0	-65	0	-57	
10:47:13,467	-57	1.61224489795918	-58	-62	-47	-50	-61	0	0	
10:47:13,764	0	0	0	-68	27.61	
10:47:14,077	-51	1594.00201612903	0	0	-49	-1000	
10:47:15,389	1023	0	0	-63	0	-58	
10:47:15,733	-57	1.61224489795918	-57	-58	-47	-50	-64	0	0	
10:47:16,092	0	0	-65	-68	27.61	
10:47:16,373	-50	1600.30241935484	0	0	-49	-1000	
10:47:17,670	1023	0	0	-62	0	-61	
10:47:17,967	-57	1.61892583120205	-55	-57	-47	-49	-59	0	0	
10:47:18,280	0	0	-64	-65	27.61	
10:47:18,561	-50	1594.00201612903	0	0	0	-1000	
10:47:19,873	1023	0	0	-66	-69	-57	
10:47:20,170	-57	1.60559796437659	-56	-57	-46	-49	-68	0	0	
10:47:20,514	0	0	-66	-64	27.61	
10:47:20,795	-52	1587.70161290323	0	0	0	-1000	
10:47:22,092	1023	-53	0	-69	-70	-70	
10:47:22,389	-57	1.60559796437659	-56	-60	-45	-49	0	0	0	
10:47:22,702	0	0	-65	-66	27.79	
10:47:22,998	-52	1600.30241935484	0	0	-49	-1000	
10:47:24,295	1023	-59	0	-64	-70	-66	
10:47:24,592	-56	1.61892583120205	-55	-61	-45	-49	0	0	0	
10:47:24,905	0	0	-63	-66	27.43	
10:47:25,186	-49	1625.50403225806	0	-50	0	-1000	
10:47:26,514	1023	0	0	-63	-69	-55	
10:47:26,811	-57	1.61892583120205	-56	-58	-46	-49	-61	0	0	
10:47:27,139	0	0	-64	-65	27.61	
10:47:27,420	-50	1594.00201612903	0	0	-49	-1000	
10:47:28,717	1023	0	0	-66	-66	-57	
10:47:29,030	-57	1.61892583120205	-57	-58	-46	-49	-68	0	0	
10:47:29,342	0	0	-68	-66	27.61	
10:47:29,639	-49	1594.00201612903	0	0	-49	-1000	
10:47:30,952	1023	0	0	-65	-64	-57	
10:47:31,248	-57	1.60559796437659	-57	-57	-47	-50	-64	0	0	
10:47:31,577	-53	0	0	-66	27.61	
10:47:31,873	-50	1600.30241935484	0	0	0	-1000	
10:47:33,170	1023	0	0	-66	-71	-70	
10:47:33,483	-57	1.61892583120205	-56	-57	-47	-49	0	0	0	
10:47:33,795	-62	0	-63	-65	27.61	
10:47:34,077	-49	1587.70161290323	0	0	0	-1000	
10:47:35,389	1023	0	0	-64	-70	-57	
10:47:35,686	-56	1.61224489795918	-56	-57	-47	-50	-61	0	0	
10:47:36,014	0	0	-63	-65	27.79	
10:47:36,295	-49	1606.60282258065	0	0	-49	32.82	
10:47:36,811	1023	0	0	-66	-71	-61	
10:47:37,123	-57	1.62564102564102	-56	-57	-47	-49	-69	0	0	
10:47:37,452	0	0	-63	-67	27.79	
10:47:37,764	-50	1625.50403225806	-54	0	-49	32.64	
10:47:38,311	1023	0	0	-68	0	-63	
10:47:38,608	-56	1.60559796437659	-56	-57	-47	-49	-70	0	0	
10:47:38,936	0	0	-64	-66	27.61	
10:47:39,217	-49	1625.50403225806	-56	0	-60	32.64	
10:47:39,561	1023	0	0	-67	-71	-63	
10:47:39,873	-56	1.61892583120205	-56	-57	-47	-49	-70	0	0	
10:47:40,248	0	0	-65	-66	27.79	
10:47:40,545	-48	1619.20362903226	-53	0	-57	32.64	
10:47:40,920	1023	0	0	-66	-71	-62	
10:47:41,233	-57	1.61224489795918	-56	-57	-47	-49	-70	0	0	
10:47:41,545	0	0	-65	-66	27.61	
10:47:41,827	-49	1625.50403225806	-57	0	-50	32.82	
10:47:42,170	1023	0	0	-64	-69	-67	
10:47:42,467	-57	1.62564102564102	-56	-59	-46	-49	-72	0	0	
10:47:42,811	0	0	-64	-67	27.61	
10:47:43,092	-49	1556.1995967742	0	0	-50	-1000	
10:47:44,389	1023	0	0	-62	-67	-60	
10:47:44,702	-56	1.61892583120205	-56	-58	-47	-49	-62	0	0	
10:47:45,014	0	0	-64	-67	27.43	
10:47:45,311	-51	1600.30241935484	0	0	-50	-1000	
10:47:46,608	1023	-63	0	-69	-72	0	
10:47:46,905	-57	1.62564102564102	-56	-58	-46	-49	0	0	0	
10:47:47,202	0	0	-64	-64	27.79	
10:47:47,483	-50	1594.00201612903	0	0	0	-1000	
10:47:48,780	1023	-62	0	-65	0	-67	
10:47:49,077	-57	1.61892583120205	-55	-57	-46	-49	0	0	0	
10:47:49,405	0	0	-64	-65	27.61	
10:47:49,686	-51	1600.30241935484	0	0	0	-1000	
10:47:50,983	1023	0	0	-67	0	-76	
10:47:51,327	-57	1.62564102564102	-55	-57	-47	-50	0	0	0	
10:47:51,639	0	0	-65	-66	27.79	
10:47:51,905	-52	1600.30241935484	0	0	0	-1000	
10:47:53,202	1023	-62	0	-65	0	-70	
10:47:53,514	-57	1.61892583120205	-56	-57	-47	-49	-67	0	0	
10:47:53,827	0	0	-63	-66	27.61	
10:47:54,108	-52	1594.00201612903	0	0	-51	-1000	
10:47:55,405	1023	0	0	-65	0	-57	
10:47:55,717	-57	1.62564102564102	-56	-58	-46	-49	-62	0	0	
10:47:56,045	-64	0	-62	-63	27.61	
10:47:56,326	-51	1587.70161290323	0	0	-50	-1000	
10:47:57,639	1023	0	0	-64	0	-57	
10:47:57,936	-57	1.61892583120205	-57	-59	-46	-49	-61	0	0	
10:47:58,264	0	0	-70	-70	27.61	
10:47:58,561	-51	1594.00201612903	0	0	0	-1000	
10:47:59,858	1023	0	0	-63	-72	-58	
10:48:00,170	-57	1.62564102564102	-57	-60	-47	-50	-61	0	0	
10:48:00,498	-50	0	0	-63	27.61	
10:48:00,811	-53	1594.00201612903	0	0	-50	-1000	
10:48:02,108	1023	0	0	-65	-66	-57	
10:48:02,405	-57	1.61892583120205	-57	-58	-47	-50	-62	0	0	
10:48:02,717	0	0	-64	-68	27.79	
10:48:03,030	-50	1594.00201612903	-62	0	0	32.82	
10:48:03,545	1023	0	0	-66	-69	-57	
10:48:03,858	-57	1.61892583120205	-56	-58	-46	-49	-62	0	0	
10:48:04,186	0	0	-66	-67	27.43	
10:48:04,467	-48	1537.29838709677	-63	0	-57	32.82	
10:48:04,827	1023	0	0	-68	-67	-57	
10:48:05,139	-57	1.61892583120205	-56	-57	-47	-50	-62	0	0	
10:48:05,452	0	0	-64	-65	27.79	
10:48:05,733	-49	1606.60282258065	-62	0	0	32.82	
10:48:06,061	1023	0	0	-66	-67	-58	
10:48:06,436	-57	1.62564102564102	-56	-58	-47	-50	-62	0	0	
10:48:06,780	0	0	-64	-66	27.79	
10:48:07,061	-48	1612.90322580645	0	0	-61	32.82	
10:48:07,420	1023	0	0	-66	-67	-57	
10:48:07,733	-57	1.62564102564102	-56	-58	-47	-49	-62	0	0	
10:48:08,077	0	0	-66	-66	27.61	
10:48:08,358	-52	1606.60282258065	0	0	-50	-1000	
10:48:09,670	1023	0	0	-66	-70	-58	
10:48:09,983	-57	1.61892583120205	-56	-57	-47	-49	-62	0	0	
10:48:10,311	0	0	-64	-66	27.79	
10:48:10,592	-51	1587.70161290323	0	0	-50	-1000	
10:48:11,889	1023	0	0	-64	-66	-57	
10:48:12,186	-57	1.61224489795918	-56	-57	-47	-49	-62	0	0	
10:48:12,498	0	0	-64	-66	27.43	
10:48:12,780	-51	1600.30241935484	0	0	-49	-1000	
10:48:14,092	1023	0	0	-65	0	-57	
10:48:14,373	-57	1.62564102564102	-56	-57	-46	-50	-62	0	0	
10:48:14,670	0	0	-63	-66	27.61	
10:48:14,952	-51	1587.70161290323	0	0	-50	-1000	
10:48:16,248	1023	0	0	-64	0	-58	
10:48:16,545	-57	1.61892583120205	-56	-57	-46	-49	-62	0	0	
10:48:16,858	0	0	-63	-66	27.79	
10:48:17,139	-51	1587.70161290323	0	0	-50	-1000	
10:48:18,436	1023	0	0	-62	0	-58	
10:48:18,733	-57	1.61892583120205	-56	-57	-46	-49	-62	0	0	
10:48:19,045	0	0	-63	-66	27.61	
10:48:19,327	-51	1594.00201612903	0	0	-50	-1000	
10:48:20,623	0	0	0	-64	-65	-57	
10:48:20,936	-57	1.61892583120205	-56	-57	-46	-49	-62	0	0	
10:48:21,264	0	0	-64	-66	27.79	
10:48:21,545	-51	1600.30241935484	0	0	-50	-1000	
10:48:22,842	0	0	0	-65	-65	-58	
10:48:23,139	-57	1.61224489795918	-56	-58	-45	-49	-60	0	0	
10:48:23,451	0	0	-64	-66	27.61	
10:48:23,764	-52	1594.00201612903	0	0	0	-1000	
10:48:25,077	0	0	0	-64	-65	-58	
10:48:25,389	-57	1.61224489795918	-56	-57	-45	-49	-62	0	0	
10:48:25,717	0	0	-65	-66	27.43	
10:48:25,998	-52	1594.00201612903	0	0	0	-1000	
10:48:27,295	0	0	0	-64	-66	-58	
10:48:27,592	-57	1.61224489795918	-56	-57	-45	-49	-62	0	0	
10:48:27,920	0	0	-64	-66	27.97	
10:48:28,202	-52	1600.30241935484	0	0	0	-1000	
10:48:29,530	0	0	0	-64	-66	-58	
10:48:29,827	-57	1.60559796437659	-56	-58	-45	-49	-62	0	0	
10:48:30,202	0	0	-64	-64	27.79	
10:48:30,483	-50	1600.30241935484	0	0	0	-1000	
10:48:31,795	0	0	0	-65	-66	-58	
10:48:32,092	-57	1.61892583120205	-56	-58	-45	-49	-62	0	0	
10:48:32,389	0	0	-64	-65	27.79	
10:48:32,670	-50	1594.00201612903	0	0	-49	-1000	
10:48:33,983	0	0	0	-66	-66	-58	
10:48:34,280	-57	1.61224489795918	-56	-57	-46	-49	-62	0	0	
10:48:34,608	0	0	-64	-65	27.61	
10:48:34,889	-50	1606.60282258065	0	0	-49	-1000	
