Reader Antennas:	Ant:1	Ant:2	Ant:3	Ant:4	
110110110110110110110110	Sensor2		CC0CC0CC0CC0CC0CC0CC0CC0	RSSI		CC2CC2CC2CC2CC2CC2CC2CC2	RSSI		B4B4B4B4B4B4B4B4B4B4B4B4	RSSI		A2A2A2A2A2A2A2A2A2A2A2A2	RSSI		AD1213014B89578E59000040	RSSI		
124124124124124124124124	RSSI	Sensor1		AD1213014B88DF915E000033	RSSI		AD1213014B89F18F5D000053	RSSI		AD1213014B889F8F5B00002C	RSSI		AD1213014B7BF7905C0000CB	RSSI		AD1213014B89578E59000040	RSSI		CC0CC0CC0CC0CC0CC0CC0CC0	RSSI		CC2CC2CC2CC2CC2CC2CC2CC2	RSSI		
CC0CC0CC0CC0CC0CC0CC0CC0	RSSI		CC2CC2CC2CC2CC2CC2CC2CC2	RSSI		E3E3E3E3E3E3E3E3E3E3E3E3	RSSI		010101010101010101010101	RSSI	Temperature		
888888888888888888888888	RSSI	Sensor1		CC0CC0CC0CC0CC0CC0CC0CC0	RSSI		CC2CC2CC2CC2CC2CC2CC2CC2	RSSI		122122122122122122122122	RSSI	Temperature		
10:13:24,983	1023	0	0	-63	-65	-57	
10:13:25,295	-56	1.0078431372549	-57	-59	-47	-49	-63	0	0	
10:13:25,592	0	0	-66	-66	27.25	
10:13:25,873	-50	1600.30241935484	0	0	0	-1000	
10:13:27,170	1023	0	0	-63	-65	-57	
10:13:27,467	-56	1.00391389432485	-57	-59	-48	-49	-63	0	0	
10:13:27,764	0	0	-66	-66	27.43	
10:13:28,045	-50	1606.60282258065	0	0	0	-1000	
10:13:29,358	1023	0	0	-64	-66	-57	
10:13:29,655	-56	1.00391389432485	-57	-59	-48	-49	-64	0	0	
10:13:29,998	0	0	-66	-66	27.43	
10:13:30,280	-50	1600.30241935484	0	0	0	-1000	
10:13:31,561	1023	0	0	-65	-70	-57	
10:13:31,858	-55	0.996101364522417	-57	-58	-48	-49	-62	0	0	
10:13:32,155	0	0	-66	-66	27.61	
10:13:32,436	-50	1600.30241935484	0	0	0	-1000	
10:13:33,733	1023	0	0	-66	-67	-57	
10:13:34,045	-55	0.992217898832685	-57	-59	-47	-49	-65	0	0	
10:13:34,373	0	0	-66	-67	27.43	
10:13:34,655	-50	1606.60282258065	0	0	0	-1000	
10:13:35,952	1023	0	0	-64	-67	-57	
10:13:36,248	-55	0.988349514563106	-57	-59	-48	-49	-64	0	0	
10:13:36,561	0	0	-65	-66	27.43	
10:13:36,842	-50	1606.60282258065	0	0	0	-1000	
10:13:38,139	1023	0	0	-66	-67	-57	
10:13:38,452	-55	0.984496124031008	-57	-59	-48	-49	-64	0	0	
10:13:38,780	0	0	-65	-66	27.25	
10:13:39,061	-50	1612.90322580645	0	0	0	-1000	
10:13:40,358	1023	0	0	-65	-67	-57	
10:13:40,655	-55	1	-57	-59	-48	-49	-64	0	0	
10:13:40,967	0	0	-65	-66	27.25	
10:13:41,248	-50	1600.30241935484	0	0	0	-1000	
10:13:42,561	1023	0	0	-66	-67	-57	
10:13:42,858	-55	0.996101364522417	-57	-59	-48	-49	-64	0	0	
10:13:43,186	0	0	-65	-66	27.43	
10:13:43,467	-50	1612.90322580645	0	0	0	-1000	
10:13:44,764	1023	0	0	-65	-67	-57	
10:13:45,061	-55	0.988349514563106	-57	-59	-48	-49	-64	0	0	
10:13:45,405	0	0	-66	-67	27.43	
10:13:45,686	-50	1612.90322580645	0	0	0	-1000	
10:13:47,139	1023	0	0	-66	-68	-57	
10:13:47,452	-56	0.980657640232108	-57	-59	-48	-49	-63	0	0	
10:13:47,748	0	0	-65	-66	27.43	
10:13:48,030	-50	1600.30241935484	0	0	0	-1000	
10:13:49,311	1023	0	0	-65	-67	-57	
10:13:49,608	-56	0.984496124031008	-57	-59	-47	-49	-63	0	0	
10:13:49,936	0	0	-65	-66	27.43	
10:13:50,248	-50	1612.90322580645	0	0	0	-1000	
10:13:51,561	1023	0	0	-65	-66	-57	
10:13:51,873	-55	1.00391389432485	-57	-59	-48	-49	-64	0	0	
10:13:52,202	0	0	-66	-66	27.61	
10:13:52,483	-50	1606.60282258065	0	0	0	-1000	
10:13:53,780	1023	0	0	-62	-66	-57	
10:13:54,092	-55	1.01178781925344	-57	-59	-46	-49	-65	0	0	
10:13:54,405	0	0	-66	-66	27.43	
10:13:54,670	-50	1606.60282258065	0	0	0	-1000	
10:13:55,983	1023	0	0	-67	0	-57	
10:13:56,280	-56	1.01972386587771	-57	-59	-47	-49	-63	0	0	
10:13:56,608	0	0	-66	-66	27.43	
10:13:56,889	-50	1606.60282258065	0	0	0	-1000	
10:13:58,186	1023	0	0	-62	-68	-60	
10:13:58,498	-56	1.03174603174603	-58	-58	-48	-50	-75	0	0	
10:13:58,827	0	0	-65	-68	27.43	
10:13:59,108	-50	1612.90322580645	0	0	0	-1000	
10:14:00,545	1023	0	0	-64	-70	-57	
10:14:00,873	-55	1.0398406374502	-57	-59	-46	-49	-64	0	0	
10:14:01,170	0	0	-64	-66	27.25	
10:14:01,452	-57	1612.90322580645	0	0	-50	32.46	
10:14:01,795	1023	0	0	-64	-70	-57	
10:14:02,108	-56	1.0439121756487	-57	-60	-47	-49	-64	0	0	
10:14:02,436	0	0	-64	-67	27.43	
10:14:02,702	-50	1625.50403225806	0	0	-49	32.28	
10:14:03,545	1023	0	0	-64	-70	-57	
10:14:03,842	-54	1.05210420841683	-57	-58	-47	-49	-65	0	0	
10:14:04,155	0	0	-65	-67	27.25	
10:14:04,436	-52	1594.00201612903	0	0	-50	32.46	
10:14:05,295	1023	0	0	-63	-68	-57	
10:14:05,592	-56	1.06451612903226	-57	-59	-47	-50	-65	0	0	
10:14:05,905	0	0	0	-67	27.43	
10:14:06,186	-50	1606.60282258065	0	0	0	-1000	
10:14:07,483	1023	0	0	-63	-69	-57	
10:14:07,780	-55	1.06451612903226	-57	-59	-47	-49	-64	0	0	
10:14:08,123	0	0	-62	-63	27.43	
10:14:08,405	-50	1606.60282258065	0	0	-49	32.46	
10:14:08,748	1023	0	0	-64	-70	-57	
10:14:09,077	-54	1.06868686868687	-57	-58	-47	-49	-64	0	0	
10:14:09,405	0	0	-66	-65	27.43	
10:14:09,686	-52	1594.00201612903	0	0	-50	-1000	
10:14:11,030	1023	0	0	-63	-70	-57	
10:14:11,327	-54	1.07287449392713	-57	-59	-47	-49	-64	0	0	
10:14:11,655	0	0	0	-65	27.25	
10:14:11,936	-51	1606.60282258065	0	0	-50	-1000	
10:14:13,233	1023	0	0	-64	-69	-57	
10:14:13,545	-54	1.08130081300813	-57	-59	-47	-49	-64	0	0	
10:14:13,873	0	0	-66	-64	27.43	
10:14:14,155	-51	1600.30241935484	0	0	0	-1000	
10:14:15,452	1023	0	0	-64	-70	-57	
10:14:15,748	-54	1.09406952965235	-57	-59	-47	-49	-64	0	0	
10:14:16,077	0	0	0	-68	27.61	
10:14:16,358	-51	1600.30241935484	0	0	0	-1000	
10:14:17,655	1023	0	0	-64	-70	-57	
10:14:17,952	-54	1.10266940451745	-57	-59	-47	-49	-64	0	0	
10:14:18,264	0	0	0	-69	27.61	
10:14:18,545	-51	1600.30241935484	0	0	-50	-1000	
10:14:19,842	1023	0	0	-64	-70	-57	
10:14:20,139	-54	1.0983606557377	-57	-58	-47	-49	-65	0	0	
10:14:20,467	0	0	0	-69	27.61	
10:14:20,748	-51	1600.30241935484	0	0	-50	-1000	
10:14:22,045	1023	0	0	-64	-70	-57	
10:14:22,358	-54	1.0983606557377	-57	-59	-47	-49	-65	0	0	
10:14:22,702	0	0	-66	-70	27.43	
10:14:22,967	-52	1581.40120967742	0	0	0	-1000	
10:14:24,264	1023	0	0	-64	-69	-57	
10:14:24,577	-55	1.10266940451745	-57	-59	-47	-49	-65	0	0	
10:14:24,889	0	0	0	-69	27.43	
10:14:25,186	-51	1606.60282258065	0	0	-50	-1000	
10:14:26,498	1023	0	0	-63	-70	-57	
10:14:26,795	-55	1.11134020618557	-57	-59	-48	-49	-64	0	0	
10:14:27,108	0	0	-66	-66	27.43	
10:14:27,420	-51	1600.30241935484	0	0	-49	32.46	
10:14:28,248	1023	0	0	-63	-70	-57	
10:14:28,561	-55	1.10266940451745	-57	-57	-48	-49	-64	0	0	
10:14:28,858	0	0	-64	-63	27.43	
10:14:29,139	-50	1581.40120967742	0	0	0	32.64	
10:14:29,483	1023	0	0	-64	-71	-57	
10:14:29,795	-55	1.10266940451745	-57	-59	-47	-49	-61	0	0	
10:14:30,123	0	0	-65	-66	27.43	
10:14:30,405	-51	1600.30241935484	0	0	0	32.46	
10:14:30,905	1023	0	0	-66	0	-69	
10:14:31,373	-75	1.09406952965235	0	0	-56	-57	-61	0	0	
10:14:32,139	0	0	-66	-63	27.43	
10:14:32,420	-51	1594.00201612903	0	0	0	32.46	
10:14:32,764	1023	0	0	-68	0	-57	
10:14:33,061	-56	1.09406952965235	-56	-57	-47	-49	-61	0	0	
10:14:33,389	0	0	-66	-64	27.43	
10:14:33,670	-50	1581.40120967742	0	0	0	32.46	
10:14:33,998	1023	0	0	-66	-72	-57	
10:14:34,295	-54	1.0983606557377	-57	-57	-47	-49	-62	0	0	
10:14:34,623	0	0	-65	-65	27.43	
10:14:34,905	-52	1581.40120967742	0	0	0	32.28	
10:14:35,248	1023	0	0	-64	-70	-57	
10:14:35,545	-55	1.10266940451745	-57	-59	-48	-49	-63	0	0	
10:14:35,889	0	0	-64	-64	27.43	
10:14:36,170	-51	1594.00201612903	0	0	0	32.46	
10:14:36,514	1023	0	0	-63	-70	-57	
10:14:36,811	-55	1.10266940451745	-57	-57	-47	-49	-63	0	0	
10:14:37,155	0	0	-64	-65	27.43	
10:14:37,452	-53	1587.70161290323	0	0	0	32.46	
10:14:37,795	1023	0	0	-63	-70	-57	
10:14:38,092	-55	1.11134020618557	-57	-58	-48	-49	-64	0	0	
10:14:38,420	0	0	-65	-65	27.43	
10:14:38,733	-51	1594.00201612903	0	0	0	32.46	
10:14:39,061	1023	0	0	-64	-70	-57	
10:14:39,373	-54	1.12008281573499	-57	-57	-47	-49	-62	0	0	
10:14:39,670	0	0	-65	-64	27.43	
10:14:39,983	-52	1587.70161290323	0	0	0	32.64	
10:14:40,483	1023	0	0	-64	-70	-57	
10:14:40,780	-54	1.13778705636743	-57	-57	-47	-49	-62	0	0	
10:14:41,108	0	0	-65	-64	27.43	
10:14:41,389	-50	1587.70161290323	0	0	0	32.64	
10:14:41,889	1023	0	0	-64	-70	-57	
10:14:42,233	-55	1.14225941422594	-58	-58	-48	-49	-63	0	0	
10:14:42,577	0	0	-65	-64	27.43	
10:14:42,858	-52	1587.70161290323	0	0	0	32.64	
10:14:43,202	1023	0	0	-63	-70	-57	
10:14:43,483	-55	1.15126050420168	-57	-58	-48	-49	-63	0	0	
10:14:43,811	0	0	-65	-64	27.61	
10:14:44,092	-50	1587.70161290323	0	0	0	32.46	
10:14:44,420	1023	0	0	-64	-70	-57	
10:14:44,733	-54	1.16033755274262	-57	-57	-48	-49	-63	0	0	
10:14:45,045	0	0	-65	-64	27.43	
10:14:45,327	-50	1581.40120967742	0	0	0	32.46	
10:14:45,639	1023	0	0	-64	-70	-57	
10:14:45,936	-55	1.15578947368421	-58	-58	-48	-50	-64	0	0	
10:14:46,264	0	0	-65	-66	27.43	
10:14:46,545	-52	1587.70161290323	0	0	0	32.46	
10:14:46,889	1023	0	0	-63	-70	-57	
10:14:47,202	-55	1.16490486257928	-58	-59	-48	-50	-63	0	0	
10:14:47,545	0	0	-66	-63	27.43	
10:14:47,827	-51	1594.00201612903	0	0	0	32.28	