Reader Antennas:	Ant:1	Ant:2	Ant:3	Ant:4	
110110110110110110110110	Sensor2		CC0CC0CC0CC0CC0CC0CC0CC0	RSSI		CC2CC2CC2CC2CC2CC2CC2CC2	RSSI		B4B4B4B4B4B4B4B4B4B4B4B4	RSSI		A2A2A2A2A2A2A2A2A2A2A2A2	RSSI		AD1213014B89578E59000040	RSSI		
124124124124124124124124	RSSI	Sensor1		AD1213014B88DF915E000033	RSSI		AD1213014B89F18F5D000053	RSSI		AD1213014B889F8F5B00002C	RSSI		AD1213014B7BF7905C0000CB	RSSI		AD1213014B89578E59000040	RSSI		CC0CC0CC0CC0CC0CC0CC0CC0	RSSI		CC2CC2CC2CC2CC2CC2CC2CC2	RSSI		
CC0CC0CC0CC0CC0CC0CC0CC0	RSSI		CC2CC2CC2CC2CC2CC2CC2CC2	RSSI		E3E3E3E3E3E3E3E3E3E3E3E3	RSSI		010101010101010101010101	RSSI	Temperature		
888888888888888888888888	RSSI	Sensor1		CC0CC0CC0CC0CC0CC0CC0CC0	RSSI		CC2CC2CC2CC2CC2CC2CC2CC2	RSSI		122122122122122122122122	RSSI	Temperature		
10:20:25,561	0	0	0	-61	-70	-69	
10:20:25,873	-56	1.10699588477366	-57	-57	-48	-49	0	0	0	
10:20:26,217	0	0	-64	-64	27.61	
10:20:26,530	-52	1587.70161290323	0	0	0	32.46	
10:20:26,889	0	0	0	-65	-70	-71	
10:20:27,202	-55	1.11134020618557	-58	-59	-47	-49	0	0	0	
10:20:27,514	0	0	-65	-65	27.43	
10:20:27,811	-50	1581.40120967742	0	0	0	32.46	
10:20:28,139	0	0	0	0	-70	-69	
10:20:28,436	-55	1.12008281573499	-57	-60	-48	-49	0	0	0	
10:20:28,811	0	0	-65	-63	27.43	
10:20:29,092	-51	1594.00201612903	0	0	0	32.64	
10:20:29,452	0	0	0	-66	-70	-70	
10:20:29,748	-55	1.11570247933884	-57	-60	-47	-49	0	0	0	
10:20:30,076	0	0	-65	-64	27.43	
10:20:30,358	-50	1581.40120967742	0	0	0	-1000	
10:20:31,748	0	0	0	-66	-69	-70	
10:20:32,030	-55	1.12008281573499	-57	-60	-48	-49	0	0	0	
10:20:32,358	0	0	-66	-66	27.61	
10:20:32,639	-52	1594.00201612903	0	0	0	-1000	
10:20:33,936	0	0	0	-66	-69	-69	
10:20:34,233	-55	1.12008281573499	-57	-58	-48	-49	0	0	0	
10:20:34,561	0	0	-66	-64	27.43	
10:20:34,842	-51	1581.40120967742	0	0	0	32.46	
10:20:35,389	0	0	0	-64	-69	-73	
10:20:35,686	-55	1.12889812889813	-57	-58	-47	-49	0	0	0	
10:20:36,014	0	0	-66	-65	27.61	
10:20:36,295	-50	1581.40120967742	0	0	0	32.46	
10:20:36,608	0	0	0	-66	-70	-75	
10:20:36,905	-55	1.13333333333333	-57	-58	-47	-49	0	0	0	
10:20:37,233	0	0	-66	-66	27.43	
10:20:37,514	-51	1587.70161290323	0	0	0	32.46	
10:20:38,436	0	0	0	-62	-67	-67	
10:20:38,733	-55	1.12448132780083	-57	-58	-47	-49	-75	0	0	
10:20:39,061	0	0	-66	-64	27.43	
10:20:39,342	-50	1594.00201612903	0	0	0	32.46	
10:20:39,889	0	0	0	0	-66	-58	
10:20:40,186	-55	1.12448132780083	-57	-61	-47	-49	-74	0	0	
10:20:40,514	0	0	-67	-64	27.61	
10:20:40,811	-51	1587.70161290323	0	0	0	32.64	
10:20:41,217	0	0	0	-64	-68	-58	
10:20:41,514	-57	1.12889812889813	-57	-59	-47	-49	0	0	0	
10:20:41,842	0	0	-67	-63	27.43	
10:20:42,123	-50	1581.40120967742	0	0	0	32.46	
10:20:42,467	0	0	0	-60	-68	-68	
10:20:42,780	-56	1.12008281573499	-58	-59	-48	-50	-75	0	0	
10:20:43,108	0	0	-66	-66	27.61	
10:20:43,389	-51	1594.00201612903	0	0	0	32.46	
10:20:44,061	0	0	0	-63	-69	-57	
10:20:44,374	-55	1.11570247933884	-57	-59	-47	-49	-65	0	0	
10:20:44,702	0	0	-64	-64	27.61	
10:20:45,014	-52	1606.60282258065	0	0	-50	32.64	
10:20:45,514	0	0	0	-64	-67	-57	
10:20:45,826	-55	1.11134020618557	-57	-59	-47	-49	-64	0	0	
10:20:46,155	0	0	-64	-64	27.43	
10:20:46,436	-49	1625.50403225806	0	0	0	32.46	
10:20:46,983	0	0	0	-64	-66	-57	
10:20:47,264	-55	1.10266940451745	-57	-60	-48	-49	-63	0	0	
10:20:47,592	0	0	-66	-66	27.43	
10:20:47,889	-50	1587.70161290323	0	0	0	32.28	
10:20:48,248	0	0	0	-63	-66	-57	
10:20:48,592	-55	1.10266940451745	-57	-59	-47	-49	-65	0	0	
10:20:48,936	0	0	-67	-66	27.43	
10:20:49,248	-51	1612.90322580645	0	0	-47	-1000	
10:20:50,545	1023	0	0	-64	-67	-57	
10:20:50,842	-55	1.11134020618557	-57	-59	-48	-49	-64	0	0	
10:20:51,170	0	0	-63	-66	27.43	
10:20:51,483	-49	1606.60282258065	0	0	0	-1000	
10:20:52,780	1023	0	0	-62	0	-57	
10:20:53,077	-56	1.10699588477366	-57	-59	-47	-49	-64	0	0	
10:20:53,405	0	0	-66	-66	27.61	
10:20:53,686	-49	1631.80443548387	0	0	0	32.46	
10:20:54,686	1023	0	0	-62	0	-57	
10:20:54,998	-55	1.10266940451745	-57	-59	-47	-49	-64	0	0	
10:20:55,311	0	0	-66	-63	27.61	
10:20:55,592	-51	1600.30241935484	0	0	0	-1000	
10:20:56,889	1023	0	0	-62	0	-56	
10:20:57,186	-55	1.09406952965235	-57	-59	-47	-49	-64	0	0	
10:20:57,467	0	0	-66	-64	27.61	
10:20:57,748	-51	1587.70161290323	0	0	0	-1000	
10:20:59,061	1023	0	0	-59	0	-58	
10:20:59,358	-54	1.0983606557377	-58	-59	-47	-49	-66	0	0	
10:20:59,655	0	0	-66	-65	27.43	
10:20:59,936	-53	1587.70161290323	0	0	0	32.46	
10:21:00,967	1023	0	0	-62	0	-58	
10:21:01,280	-54	1.10266940451745	-57	-59	-46	-49	-63	0	0	
10:21:01,639	0	0	-66	-66	27.43	
10:21:01,920	-51	1587.70161290323	0	0	0	-1000	
10:21:03,264	1023	0	0	-58	0	-61	
10:21:03,561	-55	1.10699588477366	-57	-57	-47	-49	-73	0	0	
10:21:03,858	0	0	-65	-65	27.43	
10:21:04,170	-52	1575.10080645161	0	0	0	32.64	
10:21:04,858	1023	0	0	-62	-72	0	
10:21:05,155	-56	1.11570247933884	-57	-61	-48	-49	0	0	0	
10:21:05,452	0	0	-66	-64	27.43	
10:21:05,733	-51	1587.70161290323	0	0	0	32.46	
10:21:06,077	1023	0	0	-61	-72	-63	
10:21:06,373	-54	1.12008281573499	-57	-60	-48	-49	-66	0	0	
10:21:06,686	0	0	-65	-65	27.43	
10:21:06,967	-52	1575.10080645161	0	0	0	-1000	
10:21:08,264	1023	0	0	-62	-64	-57	
10:21:08,561	-54	1.12889812889813	-58	-58	-49	-49	-65	0	0	
10:21:08,889	0	0	-66	-64	27.43	
10:21:09,170	-52	1587.70161290323	0	0	0	32.46	
10:21:09,686	1023	0	0	-64	-68	0	
10:21:09,998	-55	1.12889812889813	-57	-58	-47	-49	0	0	0	
10:21:10,311	0	0	-66	-64	27.43	
10:21:10,623	-52	1587.70161290323	0	0	0	-1000	
10:21:11,936	1023	0	0	-66	-72	0	
10:21:12,233	-55	1.14225941422594	-59	-59	-48	-50	0	0	0	
10:21:12,561	0	0	-66	-64	27.43	
10:21:12,827	-53	1581.40120967742	0	0	0	32.46	
10:21:13,248	1023	0	0	-65	-73	-64	
10:21:13,592	-56	1.13778705636743	-58	-60	-48	-50	0	0	0	
10:21:13,920	0	0	-66	-66	27.43	
10:21:14,202	-51	1594.00201612903	0	0	0	32.46	
10:21:15,530	1023	0	0	-60	-66	-60	
10:21:15,827	-55	1.13778705636743	-57	-58	-47	-49	-66	0	0	
10:21:16,155	0	0	-65	-64	27.61	
10:21:16,436	-50	1568.80040322581	0	0	0	32.64	
10:21:16,936	1023	0	0	-62	-66	-57	
10:21:17,233	-56	1.14675052410901	-57	-59	-47	-49	-64	0	0	
10:21:17,577	0	0	-64	-64	27.43	
10:21:17,858	-50	1600.30241935484	0	0	0	32.46	
10:21:19,030	1023	0	0	-64	-65	-58	
10:21:19,327	-54	1.15126050420168	-57	-59	-47	-49	-66	0	0	
10:21:19,655	0	0	-64	-64	27.43	
10:21:19,936	-53	1587.70161290323	0	0	0	32.46	
10:21:20,295	1023	0	0	-64	-66	-58	
10:21:20,623	-55	1.14675052410901	-57	-59	-47	-49	-66	0	0	
10:21:20,952	0	0	-66	-65	27.43	
10:21:21,264	-53	1600.30241935484	0	0	0	32.64	
10:21:21,920	1023	0	0	-66	-67	-57	
10:21:22,233	-55	1.13778705636743	-57	-59	-47	-49	-66	0	0	
10:21:22,561	0	0	-66	-64	27.43	
10:21:22,842	-52	1581.40120967742	0	0	0	32.64	
10:21:23,170	1023	0	0	-63	-66	-56	
10:21:23,467	-55	1.12448132780083	-57	-60	-46	-49	-65	0	0	
10:21:23,811	0	0	-69	-66	27.43	
10:21:24,092	-53	1612.90322580645	0	0	0	32.46	
10:21:24,436	1023	0	0	-64	-66	-57	
10:21:24,733	-56	1.12448132780083	-57	-59	-47	-49	-65	0	0	
10:21:25,061	0	0	0	-73	27.43	
10:21:25,373	-54	1449.09274193548	0	0	0	-1000	
10:21:26,780	1023	0	0	-65	-66	-57	
10:21:27,077	-55	1.12008281573499	-57	-59	-47	-49	-65	0	0	
10:21:27,405	0	0	0	-74	27.43	
10:21:27,686	-51	1600.30241935484	0	0	0	-1000	
10:21:28,967	1023	0	0	-64	-66	-57	
10:21:29,295	-55	1.11570247933884	-57	-59	-47	-49	-64	0	0	
10:21:29,608	0	0	0	0	27.43	
10:21:29,873	-54	1594.00201612903	0	0	0	-1000	
10:21:31,170	1023	0	0	-65	-65	-57	
10:21:31,467	-55	1.12448132780083	-57	-59	-47	-49	-65	0	0	
10:21:31,795	0	0	-70	-71	27.43	
10:21:32,077	-51	1594.00201612903	0	0	0	32.64	
10:21:32,420	1023	0	0	-63	-65	-57	
10:21:32,717	-55	1.12448132780083	-57	-59	-48	-50	-64	0	0	
10:21:33,030	0	0	-64	-68	27.61	
10:21:33,311	-51	1606.60282258065	0	0	0	32.46	
10:21:33,811	1023	0	0	-62	-65	-57	
10:21:34,108	-55	1.12448132780083	-57	-59	-47	-49	-66	0	0	
10:21:34,436	0	0	-66	-67	27.43	
10:21:34,733	-50	1600.30241935484	0	0	0	-1000	
10:21:36,045	1023	0	0	-65	-64	-57	
10:21:36,342	-55	1.14225941422594	-57	-59	-47	-49	-66	0	0	
10:21:36,639	0	0	0	-70	27.43	
10:21:36,936	-49	1612.90322580645	0	0	0	32.46	
10:21:37,264	1023	0	0	-64	-64	-57	
10:21:37,561	-55	1.15126050420168	-57	-59	-46	-49	-66	0	0	
10:21:37,889	0	0	0	-70	27.61	
10:21:38,170	-49	1606.60282258065	0	0	0	32.28	
10:21:38,498	1023	0	0	-64	-64	-57	
10:21:38,811	-55	1.15126050420168	-57	-59	-47	-49	-66	0	0	
10:21:39,139	0	0	0	-70	27.43	
10:21:39,436	-51	1594.00201612903	0	0	0	32.28	
10:21:39,780	1023	0	0	-64	-64	-58	
10:21:40,077	-55	1.15126050420168	-57	-59	-47	-49	-66	0	0	
10:21:40,405	0	0	0	-67	27.61	
10:21:40,686	-49	1600.30241935484	0	0	0	32.46	
10:21:41,108	1023	0	0	-64	-65	-57	
10:21:41,405	-55	1.16033755274262	-57	-59	-47	-49	-65	0	0	
10:21:41,702	0	0	-67	-66	27.43	
10:21:41,983	-51	1594.00201612903	0	0	0	32.46	
10:21:42,327	1023	0	0	-64	-65	-58	
10:21:42,623	-55	1.15578947368421	-57	-58	-48	-49	-66	0	0	
10:21:42,952	0	0	-64	-65	27.43	
10:21:43,233	-52	1581.40120967742	0	0	0	32.64	
10:21:43,608	1023	0	0	-66	-65	-57	
10:21:43,905	-55	1.16949152542373	-57	-60	-47	-49	-66	0	0	
10:21:44,233	0	0	-67	-66	27.43	
10:21:44,514	-49	1600.30241935484	0	0	0	32.64	
10:21:44,858	1023	0	0	-64	-66	-57	
10:21:45,170	-55	1.16949152542373	-57	-59	-46	-49	-65	0	0	
10:21:45,498	0	0	-65	-66	27.61	
10:21:45,780	-51	1581.40120967742	0	0	0	32.64	
10:21:46,295	1023	0	0	-63	-65	-56	
10:21:46,670	-54	1.16949152542373	-57	-59	-48	-49	-63	0	0	
10:21:46,998	0	0	-69	-69	27.43	
10:21:47,280	-52	1581.40120967742	0	0	0	32.46	
10:21:47,608	1023	0	0	-63	-64	-65	
10:21:47,920	-53	1.16949152542373	-57	-58	-49	-49	-68	0	0	
10:21:48,233	0	0	-66	-63	27.43	
10:21:48,514	-50	1594.00201612903	0	0	0	-1000	
10:21:49,842	1023	0	0	-68	0	-65	
10:21:50,139	-68	1.17409766454352	-65	0	-46	-50	-74	0	0	
10:21:50,436	0	0	-67	-66	27.43	
10:21:50,748	-51	1600.30241935484	0	0	0	-1000	
10:21:52,045	1023	0	0	0	-68	-67	
10:21:52,342	-69	1.19271948608137	0	-65	-47	-53	-77	0	0	
10:21:52,655	0	0	-67	-65	27.43	
10:21:52,936	-51	1600.30241935484	0	0	0	32.46	
10:21:53,639	1023	0	0	-61	-65	-57	
10:21:53,936	-55	1.21166306695464	-57	-58	-48	-49	-73	0	0	
10:21:54,264	0	0	-66	-66	27.43	
10:21:54,545	-50	1594.00201612903	0	0	0	-1000	
10:21:55,858	1023	0	0	-59	-68	-60	
10:21:56,186	-55	1.22125813449024	-57	-57	-47	-49	-64	0	0	
10:21:56,483	0	0	-66	-66	27.61	
10:21:56,780	-52	1587.70161290323	0	0	0	-1000	
10:21:58,077	1023	0	0	-66	-69	-61	
10:21:58,389	-56	1.23580786026201	-58	-58	-47	-49	-70	0	0	
10:21:58,686	0	0	-64	-66	27.43	
10:21:58,967	-53	1587.70161290323	0	0	0	-1000	
10:22:00,280	1023	0	0	-62	0	-65	
10:22:00,592	-56	1.24561403508772	-57	-59	-49	-50	-74	0	0	
10:22:00,920	0	0	-65	-64	27.43	
10:22:01,202	-51	1594.00201612903	0	0	0	32.46	
10:22:01,702	1023	0	0	-63	0	-70	
10:22:02,014	-56	1.24561403508772	-57	-60	-48	-49	0	0	0	
10:22:02,311	0	0	-66	-65	27.43	
10:22:02,592	-51	1594.00201612903	0	0	0	32.64	
10:22:03,170	1023	0	0	-62	0	-72	
10:22:03,467	-56	1.25550660792952	-57	-57	-47	-49	0	0	0	
10:22:03,795	0	0	-64	-66	27.43	
10:22:04,061	-50	1581.40120967742	0	0	0	32.28	
10:22:05,092	1023	0	0	-63	0	-57	
10:22:05,389	-55	1.26048565121413	-57	-59	-47	-49	-65	0	0	
10:22:05,733	0	0	-66	-67	27.43	
10:22:06,014	-51	1600.30241935484	0	0	-50	-1000	
10:22:07,311	1023	0	0	-62	0	-57	
10:22:07,608	-56	1.26548672566372	-57	-59	-47	-49	-64	0	0	
10:22:07,920	0	0	-66	-66	27.43	
10:22:08,202	-51	1594.00201612903	0	0	-49	-1000	
10:22:09,514	1023	0	0	-62	-66	-57	
10:22:09,811	-56	1.27050997782705	-57	-58	-47	-49	-64	0	0	
10:22:10,139	0	0	-66	-66	27.43	
10:22:10,420	-50	1619.20362903226	0	0	-49	32.28	
10:22:11,405	0	0	0	-63	-67	-57	
10:22:11,702	-55	1.28062360801782	-57	-59	-47	-49	-64	0	0	
10:22:12,030	0	0	-64	-66	27.43	
10:22:12,311	-52	1587.70161290323	0	0	0	32.46	
10:22:12,827	0	0	0	-64	-67	-59	
10:22:13,170	-57	1.28571428571429	-57	-60	-48	-49	-63	0	0	
10:22:13,514	0	0	-66	-66	27.61	
10:22:13,795	-52	1587.70161290323	0	0	0	32.64	
10:22:14,451	0	0	0	-62	-70	-69	
10:22:14,748	-56	1.29082774049217	-57	-58	-47	-49	-72	0	0	
10:22:15,077	0	0	-65	-65	27.43	
10:22:15,358	-50	1587.70161290323	0	0	0	-1000	
10:22:16,639	0	0	0	-65	-66	-57	
10:22:16,889	-56	1.30630630630631	-57	-59	-48	-49	-64	0	0	
10:22:17,217	0	0	-66	-65	27.43	
10:22:17,498	-51	1581.40120967742	0	0	0	-1000	
10:22:18,780	0	0	0	-66	-70	-57	
10:22:19,092	-56	1.30630630630631	-57	-59	-47	-49	-63	0	0	
10:22:19,373	0	0	-64	-63	27.43	
10:22:19,639	-51	1587.70161290323	0	0	0	-1000	
10:22:20,952	0	0	0	-64	-68	-57	
10:22:21,248	-55	1.31674208144796	-57	-59	-47	-49	-64	0	0	
10:22:21,577	0	0	-66	-64	27.61	
10:22:21,920	-52	1587.70161290323	0	0	0	32.46	
10:22:22,436	0	0	0	-62	-67	-58	
10:22:22,780	-56	1.31674208144796	-57	-59	-48	-49	-64	0	0	
10:22:23,108	0	0	-66	-68	27.43	
10:22:23,389	-52	1594.00201612903	0	0	0	32.46	
10:22:24,077	0	0	0	-64	-65	-57	
10:22:24,389	-56	1.32199546485261	-57	-59	-48	-49	-64	0	0	
10:22:24,733	0	0	-64	-66	27.43	
10:22:25,045	-52	1587.70161290323	0	0	0	-1000	
10:22:26,342	0	0	0	-66	-66	-57	
10:22:26,639	-57	1.32727272727273	-57	-59	-48	-49	-66	0	0	
10:22:26,983	0	0	-65	-66	27.43	
10:22:27,280	-53	1581.40120967742	0	0	0	-1000	
10:22:28,639	0	0	0	-62	-67	-57	
10:22:28,936	-55	1.33789954337899	-57	-60	-48	-49	-68	0	0	
10:22:29,311	0	0	-64	-66	27.43	
10:22:29,592	-53	1587.70161290323	0	0	0	32.46	
10:22:29,983	0	0	0	-62	-67	-57	
10:22:30,295	-56	1.34324942791762	-57	-60	-48	-49	-63	0	0	
10:22:30,592	0	0	-64	-67	27.43	
10:22:30,889	-52	1587.70161290323	0	0	0	32.64	
10:22:31,951	1023	0	0	-63	-72	-57	
10:22:32,248	-56	1.34862385321101	-57	-59	-48	-49	-61	0	0	
10:22:32,561	0	0	-64	-66	27.43	
10:22:32,842	-51	1575.10080645161	0	0	0	32.82	
10:22:33,764	0	0	0	-60	-66	-55	
10:22:34,061	-56	1.34862385321101	-57	-58	-47	-49	-68	0	0	
10:22:34,389	0	0	-64	-66	27.43	
10:22:34,670	-50	1587.70161290323	0	0	0	32.82	
10:22:35,327	0	0	0	-60	-66	-56	
10:22:35,623	-56	1.35402298850575	-57	-60	-48	-49	-63	0	0	
10:22:35,967	0	0	-65	-64	27.43	
10:22:36,248	-51	1587.70161290323	0	0	0	32.46	
10:22:36,733	0	0	0	-63	-66	-57	
10:22:37,045	-56	1.35402298850575	-57	-59	-48	-49	-65	0	0	
10:22:37,373	0	0	-66	-67	27.43	
10:22:37,655	-53	1568.80040322581	0	0	0	32.64	
10:22:38,545	0	0	0	-63	-66	-57	
10:22:38,858	-55	1.35944700460829	-57	-59	-48	-49	-65	0	0	
10:22:39,202	0	0	-66	-67	27.43	
10:22:39,483	-52	1581.40120967742	0	0	0	32.46	
10:22:39,842	0	0	0	-63	-66	-57	
10:22:40,139	-56	1.37037037037037	-57	-59	-47	-49	-65	0	0	
10:22:40,452	0	0	-66	-64	27.61	
10:22:40,733	-50	1600.30241935484	0	0	0	32.82	
10:22:41,061	1023	0	0	-63	-68	-57	
10:22:41,373	-55	1.35944700460829	-57	-59	-47	-49	-65	0	0	
10:22:41,717	0	0	-66	-66	27.43	
10:22:41,998	-53	1524.69758064516	0	0	0	32.64	