Reader Antennas:	Ant:1	Ant:2	Ant:3	Ant:4	
110110110110110110110110	Sensor2		CC0CC0CC0CC0CC0CC0CC0CC0	RSSI		CC2CC2CC2CC2CC2CC2CC2CC2	RSSI		B4B4B4B4B4B4B4B4B4B4B4B4	RSSI		A2A2A2A2A2A2A2A2A2A2A2A2	RSSI		AD1213014B89578E59000040	RSSI		
124124124124124124124124	RSSI	Sensor1		AD1213014B88DF915E000033	RSSI		AD1213014B89F18F5D000053	RSSI		AD1213014B889F8F5B00002C	RSSI		AD1213014B7BF7905C0000CB	RSSI		AD1213014B89578E59000040	RSSI		CC0CC0CC0CC0CC0CC0CC0CC0	RSSI		CC2CC2CC2CC2CC2CC2CC2CC2	RSSI		
CC0CC0CC0CC0CC0CC0CC0CC0	RSSI		CC2CC2CC2CC2CC2CC2CC2CC2	RSSI		E3E3E3E3E3E3E3E3E3E3E3E3	RSSI		010101010101010101010101	RSSI	Temperature		
888888888888888888888888	RSSI	Sensor1		CC0CC0CC0CC0CC0CC0CC0CC0	RSSI		CC2CC2CC2CC2CC2CC2CC2CC2	RSSI		122122122122122122122122	RSSI	Temperature		

10:40:07,311	0	0	0	-66	-69	-57	
10:40:07,608	-55	0.861818181818182	-57	-59	-47	-49	-62	0	0	
10:40:07,936	0	0	-64	-67	27.61	
10:40:08,217	-53	1587.70161290323	0	0	-51	-1000	
10:40:09,514	0	0	0	-66	-68	-61	
10:40:09,842	-55	0.868613138686131	-57	-59	-47	-49	-63	0	0	
10:40:10,170	0	0	-64	-68	27.61	
10:40:10,452	-52	1581.40120967742	0	0	-50	-1000	
10:40:11,764	0	0	0	-64	-66	-59	
10:40:12,061	-64	0.878899082568807	-62	0	-48	-50	-63	0	0	
10:40:12,373	0	0	-64	-64	27.79	
10:40:12,655	-50	1594.00201612903	0	0	0	-1000	
10:40:13,983	0	0	0	-67	-66	-57	
10:40:14,280	-56	0.882352941176471	-54	-56	-47	-50	-64	0	0	
10:40:14,608	0	0	-64	-65	27.43	
10:40:14,889	-50	1594.00201612903	0	0	0	-1000	
10:40:16,202	0	0	0	-68	-65	-57	
10:40:16,483	-56	0.89279112754159	-54	-56	-47	-50	-64	0	0	
10:40:16,811	0	0	-64	-65	27.61	
10:40:17,092	-51	1606.60282258065	0	0	-49	-1000	
10:40:18,452	0	0	0	-67	-65	-57	
10:40:18,748	-56	0.899814471243043	-54	-56	-47	-50	-64	0	0	
10:40:19,077	0	0	-64	-66	27.61	
10:40:19,358	-51	1600.30241935484	0	0	-50	-1000	
10:40:20,655	0	0	0	-64	-66	-57	
10:40:20,967	-57	0.914018691588785	-54	-56	-47	-49	-65	0	0	
10:40:21,295	0	0	-64	-66	27.61	
10:40:21,577	-51	1594.00201612903	0	0	-50	-1000	
10:40:22,873	0	0	0	-64	-66	-57	
10:40:23,155	-57	0.914018691588785	-54	-57	-47	-49	-64	0	0	
10:40:23,483	0	0	-64	-65	27.61	
10:40:23,764	-50	1594.00201612903	0	0	-49	-1000	
10:40:25,077	0	0	0	-64	-66	-57	
10:40:25,373	-57	0.914018691588785	-54	-57	-47	-50	-64	0	0	
10:40:25,702	0	0	-64	-65	27.61	
10:40:25,983	-50	1594.00201612903	0	0	-49	-1000	
10:40:27,280	0	0	0	-65	-65	-57	
10:40:27,576	-56	0.903345724907063	-54	-57	-47	-50	-64	0	0	
10:40:27,905	0	0	-64	-67	27.61	
10:40:28,186	-51	1594.00201612903	0	0	-50	-1000	
10:40:29,514	0	0	0	-64	-64	-57	
10:40:29,827	-56	0.896296296296296	-54	-57	-47	-50	-64	0	0	
10:40:30,170	0	0	-64	-66	27.61	
10:40:30,483	-52	1594.00201612903	0	0	-51	-1000	
10:40:31,795	0	0	0	-65	-65	-57	
10:40:32,092	-56	0.896296296296296	-54	-57	-47	-50	-65	0	0	
10:40:32,420	0	0	-64	-66	27.61	
10:40:32,748	-52	1587.70161290323	0	0	-50	-1000	
10:40:34,045	0	0	0	-64	-65	-57	
10:40:34,327	-56	0.882352941176471	-54	-57	-47	-50	-64	0	0	
10:40:34,655	0	0	-64	-67	27.61	
10:40:34,936	-52	1587.70161290323	0	0	-50	-1000	
10:40:36,248	0	0	0	-64	-65	-57	
10:40:36,545	-56	0.882352941176471	-54	-57	-47	-50	-64	0	0	
10:40:36,873	0	0	-64	-67	27.79	
10:40:37,155	-52	1587.70161290323	0	0	-50	-1000	
10:40:38,452	0	0	0	-63	-65	-57	
10:40:38,748	-56	0.878899082568807	-54	-57	-47	-49	-64	0	0	
10:40:39,077	0	0	-64	-67	27.61	
10:40:39,358	-52	1594.00201612903	0	0	-50	-1000	
10:40:40,670	0	0	0	-64	-65	-57	
10:40:40,936	-56	0.868613138686131	-54	-57	-47	-50	-64	0	0	
10:40:41,264	0	0	-64	-67	27.61	
10:40:41,545	-52	1594.00201612903	0	0	-50	-1000	
10:40:42,873	0	0	0	-64	-65	-57	
10:40:43,123	-56	0.861818181818182	-54	-57	-47	-50	-64	0	0	
10:40:43,452	0	0	-64	-67	27.61	
10:40:43,733	-52	1594.00201612903	0	0	-50	-1000	
10:40:45,030	0	0	0	-64	-65	-57	
10:40:45,295	-56	0.851717902350814	-54	-57	-47	-50	-64	0	0	
10:40:45,623	0	0	-64	-66	27.61	
10:40:45,905	-51	1594.00201612903	0	0	-49	-1000	
10:40:47,217	1023	0	0	-62	-70	-57	
10:40:47,514	-56	0.848375451263538	-54	-57	-47	-50	-63	0	0	
10:40:47,795	0	0	-64	-66	27.43	
10:40:48,061	-51	1594.00201612903	0	0	-49	-1000	
10:40:49,373	1023	0	0	-64	0	-57	
10:40:49,670	-56	0.845045045045045	-54	-57	-46	-49	-64	0	0	
10:40:49,983	0	0	-64	-65	27.61	
10:40:50,264	-51	1594.00201612903	0	0	-49	-1000	
10:40:51,577	1023	0	0	-64	0	-57	
10:40:51,873	-56	0.841726618705037	-54	-57	-46	-49	-64	0	0	
10:40:52,186	0	0	-64	-65	27.61	
10:40:52,452	-51	1581.40120967742	0	0	-49	-1000	
10:40:53,780	1023	0	0	-63	0	-57	
10:40:54,076	-56	0.841726618705037	-54	-57	-46	-49	-65	0	0	
10:40:54,373	0	0	-64	-65	27.43	
10:40:54,655	-51	1587.70161290323	0	0	-49	-1000	
10:40:55,967	1023	0	0	-63	0	-57	
10:40:56,280	-56	0.835125448028674	-54	-57	-46	-50	-62	0	0	
10:40:56,592	0	0	-64	-66	27.79	
10:40:56,873	-51	1594.00201612903	0	0	-50	-1000	
10:40:58,170	1023	0	0	-64	0	-60	
10:40:58,483	-56	0.828571428571429	-55	-57	-46	-49	-64	0	0	
10:40:58,795	0	0	-65	-67	27.61	
10:40:59,077	-52	1594.00201612903	0	0	-50	-1000	
10:41:00,389	1023	0	0	-69	-66	-57	
10:41:00,701	-56	0.822064056939502	-55	-57	-47	-50	-61	0	0	
10:41:01,030	0	0	-64	-66	27.61	
10:41:01,311	-52	1600.30241935484	0	0	-50	-1000	
10:41:02,623	1023	0	0	-64	-66	-57	
10:41:02,920	-56	0.822064056939502	-55	-57	-46	-49	-62	0	0	
10:41:03,248	0	0	-64	-66	27.61	
10:41:03,530	-51	1587.70161290323	0	0	0	-1000	
10:41:04,827	1023	0	0	-64	-66	-58	
10:41:05,123	-55	0.822064056939502	-55	-57	-47	-50	-62	0	0	
10:41:05,452	0	0	-62	-67	27.61	
10:41:05,733	-52	1587.70161290323	0	0	-49	-1000	
10:41:07,045	1023	0	0	-66	-67	-57	
10:41:07,389	-57	0.825311942959001	-55	-57	-47	-50	-62	0	0	
10:41:07,733	0	0	-67	0	-1000	
10:41:08,967	-52	1594.00201612903	0	0	-50	-1000	
10:41:10,264	1023	0	0	-66	-67	-57	
10:41:10,577	-57	0.825311942959001	-55	-56	-47	-50	-62	0	0	
10:41:10,905	0	0	-69	0	-1000	
10:41:12,139	-52	1581.40120967742	0	0	-50	-1000	
10:41:13,436	1023	0	0	-67	-68	-57	
10:41:13,780	-57	0.825311942959001	-55	-56	-48	-50	-64	0	0	
10:41:14,123	0	0	-68	-67	29.23	
10:41:14,405	-52	1600.30241935484	0	0	-49	-1000	
10:41:15,717	1023	0	0	-66	-67	-57	
10:41:16,108	-57	0.818827708703374	-55	-56	-47	-50	-64	0	0	
10:41:16,436	0	0	-67	-71	29.05	
10:41:16,717	-51	1594.00201612903	0	0	-49	32.64	
10:41:17,092	1023	0	0	-66	-68	-57	
10:41:17,389	-56	0.822064056939502	-54	-55	-47	-49	-63	0	0	
10:41:17,717	0	0	0	-70	29.05	
10:41:17,998	-52	1600.30241935484	0	0	-49	32.82	
10:41:18,514	1023	0	0	-66	-68	-57	
10:41:18,842	-57	0.818827708703374	-55	-56	-47	-50	-63	0	0	
10:41:19,170	0	0	0	-70	28.87	
10:41:19,451	-52	1594.00201612903	0	0	-49	-1000	
10:41:20,764	1023	0	0	-66	-67	-57	
10:41:21,061	-56	0.812389380530973	-54	-56	-47	-50	-64	0	0	
10:41:21,389	0	0	0	-70	28.69	
10:41:21,670	-49	1606.60282258065	0	0	-50	-1000	
10:41:22,967	1023	0	0	-66	-68	-57	
10:41:23,264	-56	0.802816901408451	-54	-56	-47	-50	-64	0	0	
10:41:23,592	0	0	0	-70	28.51	
10:41:23,905	-50	1612.90322580645	0	0	0	-1000	
10:41:25,202	1023	0	0	-65	-67	-57	
10:41:25,498	-57	0.802816901408451	-54	-56	-48	-50	-64	0	0	
10:41:25,827	0	0	0	-70	28.51	
10:41:26,108	-51	1600.30241935484	0	0	-50	-1000	
10:41:27,405	1023	0	0	-64	-67	-57	
10:41:27,733	-57	0.796491228070175	-54	-56	-47	-50	-63	0	0	
10:41:28,061	0	0	-63	-68	28.33	
10:41:28,373	-50	1606.60282258065	0	0	-50	-1000	
10:41:29,686	1023	0	0	-66	-67	-57	
10:41:29,983	-57	0.79020979020979	-54	-56	-47	-49	-63	0	0	
10:41:30,327	0	0	-64	-69	28.33	
10:41:30,608	-49	1486.89516129032	0	0	-49	32.46	
10:41:31,467	1023	0	0	-66	-67	-57	
10:41:31,780	-56	0.787085514834206	-55	-57	-47	-50	-63	0	0	
10:41:32,108	0	0	-63	-68	28.15	
10:41:32,420	-52	1612.90322580645	0	0	-50	-1000	
10:41:33,733	1023	0	0	-65	-66	-57	
10:41:34,014	-57	0.787085514834206	-55	-57	-47	-49	-62	0	0	
10:41:34,342	0	0	-64	-67	28.15	
10:41:34,623	-50	1594.00201612903	0	0	-49	-1000	
10:41:35,936	1023	0	0	-66	-71	0	
10:41:36,233	-57	0.78397212543554	-55	-56	-46	-49	0	0	0	
10:41:36,545	0	0	-64	-66	28.15	
10:41:36,827	-50	1600.30241935484	0	0	0	-1000	
10:41:38,123	1023	0	0	0	-72	-73	
10:41:38,420	-57	0.777777777777778	-55	-56	-46	-49	0	0	0	
10:41:38,733	0	0	-65	-66	28.33	
10:41:39,045	-51	1600.30241935484	0	0	0	-1000	
10:41:40,358	1023	0	0	-68	0	-73	
10:41:40,655	-57	0.774696707105719	-55	-56	-46	-49	0	0	0	
10:41:40,967	0	0	-64	-67	27.97	
10:41:41,248	-51	1600.30241935484	0	0	-50	-1000	
10:41:42,545	1023	0	0	0	0	-73	
10:41:42,842	-57	0.774696707105719	-55	-56	-46	-49	0	0	0	
10:41:43,139	0	0	-64	-66	28.15	
10:41:43,420	-50	1587.70161290323	0	0	0	-1000	
10:41:44,717	1023	0	0	-69	0	0	
10:41:45,014	-57	0.771626297577855	-55	-56	-46	-49	0	0	0	
10:41:45,327	0	0	-64	-66	27.97	
10:41:45,608	-50	1600.30241935484	0	0	0	-1000	
10:41:46,905	1023	0	0	-65	-69	-66	
10:41:47,170	-57	0.768566493955095	-55	-56	-46	-49	0	0	0	
10:41:47,498	0	0	-64	-68	28.15	
10:41:47,842	-51	1594.00201612903	0	0	0	-1000	
10:41:49,155	1023	0	0	-64	-71	0	
10:41:49,451	-56	0.762478485370052	-54	-56	-46	-49	0	0	0	
10:41:49,764	0	0	-64	-66	27.97	
10:41:50,045	-51	1594.00201612903	0	0	-50	-1000	
10:41:51,342	1023	0	0	-66	-70	-61	
10:41:51,670	-56	0.759450171821306	-55	-57	-47	-49	-69	0	0	
10:41:51,998	0	0	-64	-66	27.97	
10:41:52,264	-52	1600.30241935484	0	0	0	-1000	
10:41:53,592	1023	0	0	-66	0	-57	
10:41:53,873	-66	0.750427350427351	-56	-57	-47	-49	-69	0	0	
10:41:54,170	0	0	-64	-66	28.15	
10:41:54,451	-52	1594.00201612903	0	0	-51	-1000	
10:41:55,764	1023	0	0	-65	0	-57	
10:41:56,061	-58	0.762478485370052	-56	-55	-47	-50	-66	0	0	
10:41:56,373	0	0	-64	-67	27.97	
10:41:56,655	-51	1594.00201612903	0	0	-50	-1000	
10:41:57,967	1023	0	0	-68	-70	-58	
10:41:58,358	-56	0.787085514834206	-53	-59	-45	-48	-67	0	0	
10:41:58,670	0	0	-64	-68	28.15	
10:41:58,952	-52	1606.60282258065	0	0	-51	-1000	
10:42:00,264	1023	0	0	-65	-66	-57	
10:42:00,608	-57	0.802816901408451	-54	-57	-47	-49	-63	0	0	
10:42:00,920	0	0	-64	-66	27.97	
10:42:01,202	-51	1587.70161290323	0	0	-49	-1000	
10:42:02,514	1023	0	0	-66	0	-60	
10:42:02,811	-57	0.815602836879433	-54	-56	-46	-49	-64	0	0	
10:42:03,123	0	0	-64	-66	27.97	
10:42:03,405	-51	1600.30241935484	0	0	-49	-1000	
10:42:04,702	1023	0	0	-62	0	-58	
10:42:04,998	-57	0.835125448028674	-54	-56	-46	-49	-62	0	0	
10:42:05,327	0	0	-64	-66	27.97	
10:42:05,608	-51	1587.70161290323	0	0	-50	-1000	
10:42:06,920	1023	0	0	-62	-70	-58	
10:42:07,217	-56	0.848375451263538	-54	-56	-46	-49	-62	0	0	
10:42:07,577	0	0	-64	-67	28.15	
10:42:07,858	-52	1594.00201612903	0	0	-50	-1000	
10:42:09,170	0	0	0	-64	-64	-57	
10:42:09,483	-56	0.865209471766849	-54	-57	-47	-49	-63	0	0	
10:42:09,811	0	0	-64	-67	27.97	
10:42:10,077	-51	1587.70161290323	0	0	-50	-1000	
10:42:11,389	0	0	0	-64	-64	-57	
10:42:11,670	-57	0.882352941176471	-54	-56	-47	-49	-62	0	0	
10:42:12,014	0	0	-64	-66	27.97	
10:42:12,295	-51	1600.30241935484	0	0	-49	-1000	
10:42:13,608	0	0	0	-66	-65	-57	
10:42:13,920	-56	0.899814471243043	-54	-56	-47	-49	-62	0	0	
10:42:14,248	0	0	-64	-66	27.97	
10:42:14,530	-50	1600.30241935484	0	0	-49	-1000	
10:42:15,827	0	0	0	-66	-65	-57	
10:42:16,123	-56	0.906890130353818	-54	-56	-47	-49	-62	0	0	
10:42:16,452	0	0	-64	-65	27.97	
10:42:16,733	-50	1600.30241935484	0	0	0	-1000	
10:42:18,045	0	0	0	-66	-65	-57	
10:42:18,342	-56	0.92843691148776	-54	-56	-47	-49	-62	0	0	
10:42:18,670	0	0	-64	-65	27.97	
10:42:18,952	-50	1594.00201612903	0	0	-49	-1000	
10:42:20,248	0	0	0	-66	-65	-57	
10:42:20,530	-56	0.935727788279773	-54	-56	-47	-49	-63	0	0	
10:42:20,936	0	0	-64	-67	27.97	
10:42:21,217	-51	1600.30241935484	0	0	0	-1000	
10:42:22,514	0	0	0	-64	-64	-57	
10:42:22,764	-56	0.95047619047619	-54	-56	-47	-49	-63	0	0	
10:42:23,092	0	0	-64	-67	27.79	
10:42:23,373	-51	1594.00201612903	0	0	0	-1000	
10:42:24,717	0	0	0	-64	-64	-57	
10:42:25,030	-56	0.961685823754789	-54	-56	-47	-49	-62	0	0	
10:42:25,342	0	0	-64	-65	27.97	
10:42:25,623	-50	1594.00201612903	0	0	0	-1000	
10:42:26,920	0	0	0	-64	-64	-57	
10:42:27,186	-56	0.976833976833977	-54	-56	-47	-49	-63	0	0	
10:42:27,514	0	0	-64	-65	27.97	
10:42:27,795	-50	1594.00201612903	0	0	-49	-1000	
10:42:29,123	0	0	0	-66	-65	-57	
10:42:29,420	-56	0.984496124031008	-54	-56	-47	-49	-63	0	0	
10:42:29,764	0	0	-64	-66	27.61	
10:42:30,045	-51	1594.00201612903	0	0	-50	-1000	
10:42:31,342	0	0	0	-65	-65	-57	
10:42:31,655	-56	1	-54	-56	-47	-49	-62	0	0	
10:42:32,030	0	0	-64	-66	27.79	
10:42:32,311	-51	1600.30241935484	0	0	0	-1000	
10:42:33,608	0	0	0	-65	-65	-58	
10:42:33,905	-56	1.01574803149606	-54	-56	-47	-49	-63	0	0	
10:42:34,233	0	0	-64	-66	27.79	
10:42:34,514	-52	1600.30241935484	0	0	0	-1000	
10:42:35,827	0	0	0	-64	-65	-57	
10:42:36,123	-56	1.02772277227723	-54	-56	-47	-49	-63	0	0	
10:42:36,452	0	0	-64	-66	27.97	
10:42:36,733	-51	1600.30241935484	0	0	0	-1000	
10:42:38,045	0	0	0	-65	-65	-57	
10:42:38,358	-56	1.03578528827038	-54	-56	-47	-49	-63	0	0	
10:42:38,670	0	0	-64	-66	27.79	
10:42:38,967	-51	1594.00201612903	0	0	0	-1000	
10:42:40,280	0	0	0	-65	-65	-58	
10:42:40,577	-56	1.05210420841683	-54	-56	-47	-49	-63	0	0	
10:42:40,905	0	0	-64	-66	27.97	
10:42:41,186	-51	1594.00201612903	0	0	0	-1000	
10:42:42,483	0	0	0	-65	-65	-57	
10:42:42,795	-57	1.06036217303823	-55	-57	-47	-49	-63	0	0	
10:42:43,123	0	0	-64	-66	27.79	
10:42:43,405	-52	1594.00201612903	0	0	-51	-1000	
10:42:44,717	0	0	0	-65	-64	-57	
10:42:45,014	-56	1.06868686868687	-54	-56	-47	-49	-65	0	0	
10:42:45,342	0	0	-64	-67	27.97	
10:42:45,623	-52	1600.30241935484	0	0	-51	-1000	
10:42:46,983	0	0	0	-64	-64	-57	
10:42:47,264	-56	1.07707910750507	-54	-56	-47	-49	-64	0	0	
10:42:47,608	0	0	-64	-65	27.79	
10:42:47,952	-52	1594.00201612903	0	0	0	-1000	
10:42:49,248	0	0	0	-64	-64	-57	
10:42:49,561	-56	1.0983606557377	-54	-56	-47	-49	-63	0	0	
10:42:49,889	0	0	-64	-66	27.61	
10:42:50,170	-52	1600.30241935484	0	0	0	-1000	
10:42:51,467	0	0	0	-65	-64	-57	
10:42:51,764	-56	1.11570247933884	-54	-56	-47	-49	-64	0	0	
10:42:52,092	0	0	-64	-67	27.79	
10:42:52,373	-52	1600.30241935484	0	0	0	-1000	
10:42:53,670	0	0	0	-64	-65	-57	
10:42:53,983	-56	1.11570247933884	-54	-56	-47	-49	-64	0	0	
10:42:54,311	0	0	-64	-66	27.79	
10:42:54,592	-52	1594.00201612903	0	0	0	-1000	
10:42:55,889	0	0	0	-65	-64	-57	
10:42:56,186	-56	1.12448132780083	-54	-56	-47	-49	-64	0	0	
10:42:56,514	0	0	-64	-66	27.79	
10:42:56,795	-52	1587.70161290323	0	0	0	-1000	
10:42:58,123	0	0	0	-66	-64	-57	
10:42:58,420	-56	1.13778705636743	-54	-57	-47	-49	-64	0	0	
10:42:58,748	0	0	-64	-67	27.79	
10:42:59,030	-52	1594.00201612903	0	0	0	-1000	
10:43:00,327	0	0	0	-66	-65	-57	
10:43:00,639	-57	1.15126050420168	-54	-56	-47	-49	-64	0	0	
10:43:00,967	0	0	-64	-67	27.79	
10:43:01,248	-51	1594.00201612903	0	0	0	-1000	
10:43:02,561	0	0	0	-65	-64	-57	
10:43:02,827	-57	1.16490486257928	-54	-56	-47	-49	-64	0	0	
10:43:03,155	0	0	-64	-66	27.79	
10:43:03,436	-51	1600.30241935484	0	0	-49	-1000	
10:43:04,733	0	0	0	-66	-64	-57	
10:43:05,030	-57	1.17409766454352	-54	-56	-47	-49	-64	0	0	
10:43:05,342	0	0	-64	-65	27.61	
10:43:05,639	-50	1594.00201612903	0	0	-49	-1000	
10:43:06,952	0	0	0	-67	-64	-57	
10:43:07,248	-56	1.17409766454352	-54	-56	-47	-49	-64	0	0	
10:43:07,577	0	0	-64	-65	27.61	
10:43:07,858	-50	1600.30241935484	0	0	-49	-1000	
10:43:09,358	0	0	0	-66	-64	-57	
10:43:09,670	-56	1.18803418803419	-54	-56	-47	-49	-63	0	0	
10:43:09,998	0	0	-64	-65	27.79	
10:43:10,280	-50	1600.30241935484	0	0	-49	-1000	
10:43:11,577	0	0	0	-67	-65	-57	
10:43:11,889	-57	1.19742489270386	-54	-56	-47	-49	-64	0	0	
10:43:12,217	0	0	-64	-65	27.61	
10:43:12,498	-50	1594.00201612903	0	0	-49	-1000	
10:43:13,811	0	0	0	-66	-64	-57	
10:43:14,108	-57	1.20689655172414	-54	-56	-47	-49	-63	0	0	
10:43:14,452	0	0	-64	-66	27.79	
10:43:14,733	-51	1587.70161290323	0	0	-50	-1000	
10:43:16,045	0	0	0	-66	-65	-57	
10:43:16,342	-57	1.21166306695464	-54	-56	-47	-49	-63	0	0	
10:43:16,717	0	0	-64	-67	27.79	
10:43:16,998	-51	1594.00201612903	0	0	0	-1000	
10:43:18,295	0	0	0	-66	-64	-57	
10:43:18,592	-57	1.22125813449024	-54	-56	-47	-49	-64	0	0	
10:43:18,905	0	0	-64	-67	27.79	
10:43:19,201	-51	1594.00201612903	0	0	0	-1000	
10:43:20,514	0	0	0	-65	-64	-57	
10:43:20,827	-57	1.23580786026201	-54	-56	-47	-49	-64	0	0	
10:43:21,155	0	0	-64	-65	27.61	
10:43:21,436	-50	1606.60282258065	0	0	-49	-1000	
10:43:22,733	0	0	0	-66	-66	-57	
10:43:23,045	-57	1.24561403508772	-54	-56	-47	-49	-63	0	0	
10:43:23,373	0	0	-64	-64	27.61	
10:43:23,655	-50	1594.00201612903	0	0	-49	-1000	
10:43:24,967	0	0	0	-66	-65	-57	
10:43:25,264	-57	1.24561403508772	-54	-56	-46	-49	-63	0	0	
10:43:25,592	0	0	-64	-65	27.79	
10:43:25,873	-50	1600.30241935484	0	0	-49	-1000	
10:43:27,201	0	0	0	-66	-65	-57	
10:43:27,498	-57	1.26548672566372	-54	-56	-46	-49	-63	0	0	
10:43:27,827	0	0	-64	-65	27.79	
10:43:28,108	-51	1594.00201612903	0	0	-49	-1000	
10:43:29,420	0	0	0	-66	-65	-57	
10:43:29,717	-57	1.25550660792952	-54	-56	-47	-49	-64	0	0	
10:43:30,061	0	0	-64	-66	27.61	
10:43:30,342	-51	1600.30241935484	0	0	-50	-1000	
10:43:31,655	0	0	0	-66	-65	-57	
10:43:31,967	-57	1.27555555555556	-54	-56	-47	-50	-64	0	0	
10:43:32,295	0	0	-64	-66	27.61	
10:43:32,577	-52	1600.30241935484	0	0	0	-1000	
10:43:33,889	0	0	0	-65	-65	-57	
10:43:34,202	-57	1.28062360801782	-54	-56	-46	-49	-64	0	0	
10:43:34,530	0	0	-64	-66	27.79	
10:43:34,811	-52	1600.30241935484	0	0	0	-1000	
10:43:36,123	0	0	0	-66	-65	-57	
10:43:36,420	-57	1.28062360801782	-54	-56	-47	-49	-64	0	0	
10:43:36,764	0	0	-64	-67	27.79	
10:43:37,045	-51	1600.30241935484	0	0	0	-1000	
10:43:38,373	0	0	0	-64	-64	-57	
10:43:38,655	-57	1.30112359550562	-54	-56	-46	-49	-64	0	0	
10:43:38,983	0	0	-64	-66	27.61	
10:43:39,264	-51	1600.30241935484	0	0	0	-1000	
10:43:40,561	0	0	0	-65	-65	-57	
10:43:40,889	-57	1.29596412556054	-54	-56	-46	-49	-63	0	0	
10:43:41,202	0	0	-64	-66	27.79	
10:43:41,498	-51	1594.00201612903	0	0	-50	-1000	
10:43:42,795	0	0	0	-66	-65	-57	
10:43:43,092	-57	1.31674208144796	-54	-56	-46	-49	-63	0	0	
10:43:43,420	0	0	-64	-66	27.79	
10:43:43,702	-51	1594.00201612903	0	0	-50	-1000	
10:43:44,998	0	0	0	-66	-65	-57	
10:43:45,311	-57	1.31674208144796	-54	-56	-46	-49	-64	0	0	
10:43:45,639	0	0	-64	-65	27.61	
10:43:45,920	-50	1606.60282258065	0	0	-49	-1000	
10:43:47,233	0	0	0	-66	-66	-57	
10:43:47,530	-57	1.32727272727273	-54	-56	-46	-49	-63	0	0	
10:43:47,858	0	0	-64	-65	27.79	
10:43:48,139	-50	1594.00201612903	0	0	0	-1000	
10:43:49,467	0	0	0	-66	-66	-57	
10:43:49,764	-57	1.33789954337899	-54	-56	-46	-49	-64	0	0	
10:43:50,092	0	0	-64	-65	27.79	
10:43:50,373	-50	1600.30241935484	0	0	0	-1000	
10:43:51,670	0	0	0	-64	-65	-57	
10:43:52,045	-57	1.34862385321101	-54	-56	-46	-49	-64	0	0	
10:43:52,373	0	0	-64	-66	27.79	
10:43:52,655	-52	1594.00201612903	0	0	0	-1000	
10:43:53,952	0	0	0	-65	-66	-58	
10:43:54,264	-57	1.35402298850575	-54	-56	-46	-49	-64	0	0	
10:43:54,592	0	0	-64	-67	27.79	
10:43:54,873	-51	1600.30241935484	0	0	0	-1000	
10:43:56,201	0	0	0	-64	-65	-57	
10:43:56,498	-57	1.37037037037037	-54	-57	-46	-49	-63	0	0	
10:43:56,827	0	0	-64	-67	27.43	
10:43:57,108	-51	1600.30241935484	0	0	-50	-1000	
10:43:58,405	0	0	0	-64	-65	-57	
10:43:58,702	-57	1.37587006960557	-54	-56	-46	-49	-63	0	0	
10:43:59,030	0	0	-64	-65	27.79	
10:43:59,327	-50	1594.00201612903	0	0	-49	-1000	
10:44:00,623	0	0	0	-66	-65	-57	
10:44:00,920	-57	1.38694638694639	-54	-56	-46	-49	-63	0	0	
10:44:01,248	0	0	-64	-66	27.79	
10:44:01,530	-50	1600.30241935484	0	0	-49	-1000	
10:44:02,827	0	0	0	-66	-65	-57	
10:44:03,139	-57	1.38694638694639	-54	-56	-46	-49	-63	0	0	
10:44:03,467	0	0	-64	-65	27.61	
10:44:03,764	-50	1600.30241935484	0	0	0	-1000	
10:44:05,061	0	0	0	-67	-66	-57	
10:44:05,342	-57	1.4037558685446	-54	-57	-46	-49	-63	0	0	
10:44:05,670	0	0	-64	-65	27.61	
10:44:05,952	-50	1594.00201612903	0	0	0	-1000	
10:44:07,264	0	0	0	-67	-66	-57	
10:44:07,561	-57	1.4037558685446	-54	-56	-46	-49	-63	0	0	
10:44:07,889	0	0	-64	-65	27.61	
10:44:08,170	-50	1600.30241935484	0	0	0	-1000	
10:44:09,483	0	0	0	-66	-64	-57	
10:44:09,764	-57	1.40941176470588	-54	-57	-46	-49	-64	0	0	
10:44:10,092	0	0	-64	-65	27.79	
10:44:10,373	-51	1594.00201612903	0	0	0	-1000	
10:44:11,686	0	0	0	-66	-65	-57	
10:44:11,983	-57	1.42080378250591	-54	-57	-46	-49	-63	0	0	
10:44:12,311	0	0	-64	-65	27.79	
10:44:12,592	-50	1594.00201612903	0	0	0	-1000	
10:44:13,889	0	0	0	-66	-66	-57	
10:44:14,186	-57	1.42654028436019	-54	-57	-47	-49	-63	0	0	
10:44:14,498	0	0	-64	-65	27.79	
10:44:14,795	-50	1600.30241935484	0	0	0	-1000	
10:44:16,092	0	0	0	-66	-66	-57	
10:44:16,389	-57	1.43809523809524	-54	-57	-47	-49	-64	0	0	
10:44:16,717	0	0	-64	-64	27.61	
10:44:16,998	-50	1587.70161290323	0	0	0	-1000	
10:44:18,327	0	0	0	-66	-66	-57	
10:44:18,623	-57	1.44391408114558	-54	-57	-47	-49	-63	0	0	
10:44:18,951	0	0	-64	-64	27.79	
10:44:19,233	-50	1600.30241935484	0	0	0	-1000	
10:44:20,530	0	0	0	-66	-66	-57	
10:44:20,811	-57	1.44976076555024	-54	-57	-46	-49	-62	0	0	
10:44:21,139	0	0	-64	-65	27.79	
10:44:21,420	-50	1600.30241935484	0	0	0	-1000	
10:44:22,733	0	0	0	-66	-66	-57	
10:44:23,030	-57	1.44976076555024	-54	-57	-46	-49	-64	0	0	
10:44:23,358	0	0	-64	-65	27.61	
10:44:23,639	-50	1594.00201612903	0	0	-49	-1000	
10:44:24,952	0	0	0	-66	-66	-57	
10:44:25,264	-57	1.46153846153846	-54	-57	-47	-49	-63	0	0	
10:44:25,592	0	0	-64	-64	27.61	
10:44:25,905	-51	1594.00201612903	0	0	0	-1000	
10:44:27,202	0	0	0	-66	-66	-57	
10:44:27,498	-57	1.45563549160671	-54	-57	-46	-49	-63	0	0	
10:44:27,889	0	0	-64	-64	27.79	
10:44:28,170	-50	1600.30241935484	0	0	0	-1000	
10:44:29,514	0	0	0	-67	-66	-57	
10:44:29,811	-57	1.46746987951807	-54	-57	-47	-49	-64	0	0	
10:44:30,139	0	0	-64	-65	27.61	
10:44:30,420	-50	1594.00201612903	0	0	0	-1000	
10:44:31,733	0	0	0	-66	-66	-57	
10:44:32,045	-57	1.46746987951807	-54	-57	-46	-49	-64	0	0	
10:44:32,373	0	0	-64	-64	27.79	
10:44:32,655	-50	1594.00201612903	0	0	0	-1000	
10:44:34,108	0	0	0	-66	-66	-57	
10:44:34,405	-57	1.47941888619855	-54	-57	-47	-49	-64	0	0	
10:44:34,717	0	0	-64	-66	27.61	
10:44:34,998	-51	1594.00201612903	0	0	-50	-1000	
10:44:36,295	0	0	0	-66	-66	-57	
10:44:36,592	-57	1.48543689320388	-54	-56	-47	-50	-63	0	0	
10:44:36,920	0	0	-64	-66	27.79	
10:44:37,202	-51	1594.00201612903	0	0	0	-1000	
10:44:38,514	0	0	0	-67	-66	-57	
10:44:38,827	-57	1.48543689320388	-54	-56	-46	-49	-64	0	0	
10:44:39,170	0	0	-64	-66	27.79	
10:44:39,467	-52	1594.00201612903	0	0	0	-1000	
10:44:40,764	0	0	0	-66	-66	-58	
10:44:41,061	-57	1.49148418491484	-54	-57	-47	-49	-63	0	0	
10:44:41,405	0	0	-64	-66	27.61	
10:44:41,686	-51	1594.00201612903	0	0	0	-1000	
10:44:42,998	0	0	0	-66	-66	-57	
10:44:43,295	-57	1.49148418491484	-54	-56	-46	-49	-63	0	0	
10:44:43,608	0	0	-64	-66	27.43	
10:44:43,889	-51	1594.00201612903	0	0	0	-1000	
10:44:45,186	0	0	0	-67	-66	-57	
10:44:45,483	-57	1.49756097560976	-54	-56	-46	-49	-63	0	0	
10:44:45,811	0	0	-64	-66	27.97	
10:44:46,092	-51	1594.00201612903	0	0	0	-1000	
10:44:47,420	0	0	0	-66	-66	-57	
10:44:47,733	-57	1.50366748166259	-54	-56	-47	-49	-64	0	0	
10:44:48,061	0	0	-64	-66	27.61	
10:44:48,342	-52	1600.30241935484	0	0	0	-1000	
10:44:49,655	0	0	0	-66	-66	-58	
10:44:49,967	-57	1.49756097560976	-55	-56	-47	-49	-64	0	0	
10:44:50,280	0	0	-64	-66	27.61	
10:44:50,576	-52	1600.30241935484	0	0	0	-1000	
10:44:51,873	0	0	0	-66	-66	-58	
10:44:52,170	-57	1.50980392156863	-54	-56	-47	-49	-64	0	0	
10:44:52,498	0	0	-64	-66	27.61	
10:44:52,780	-52	1600.30241935484	0	0	0	-1000	
10:44:54,092	0	0	0	-66	-66	-58	
10:44:54,405	-57	1.51597051597052	-54	-56	-47	-49	-64	0	0	
10:44:54,733	0	0	-64	-66	27.43	
10:44:55,045	-51	1600.30241935484	0	0	0	-1000	
10:44:56,358	0	0	0	-66	-65	-57	
10:44:56,639	-57	1.51597051597052	-54	-56	-46	-49	-63	0	0	
10:44:56,967	0	0	-64	-66	27.79	
10:44:57,248	-51	1600.30241935484	0	0	0	-1000	
10:44:58,592	0	0	0	-65	-65	-57	
10:44:58,920	-57	1.52216748768473	-54	-56	-46	-49	-64	0	0	
10:44:59,248	0	0	-64	-64	27.43	
10:44:59,530	-50	1600.30241935484	0	0	0	-1000	
10:45:00,858	0	0	0	-66	-66	-58	
10:45:01,155	-57	1.5283950617284	-54	-56	-46	-49	-64	0	0	
10:45:01,467	0	0	-64	-65	27.79	
10:45:01,764	-50	1594.00201612903	0	0	0	-1000	
10:45:03,061	0	0	0	-65	-65	-57	
10:45:03,358	-57	1.53465346534653	-54	-56	-47	-49	-63	0	0	
10:45:03,686	0	0	-64	-64	27.61	
10:45:03,967	-50	1600.30241935484	0	0	0	-1000	
10:45:05,280	0	0	0	-67	-66	-58	
10:45:05,577	-65	1.5283950617284	-63	0	-49	-53	-64	0	0	
10:45:05,889	0	0	-64	-64	27.61	
10:45:06,170	-51	1594.00201612903	0	0	-49	-1000	