Reader Antennas:	Ant:1	Ant:2	Ant:3	Ant:4	
110110110110110110110110	Sensor2		CC0CC0CC0CC0CC0CC0CC0CC0	RSSI		CC2CC2CC2CC2CC2CC2CC2CC2	RSSI		B4B4B4B4B4B4B4B4B4B4B4B4	RSSI		A2A2A2A2A2A2A2A2A2A2A2A2	RSSI		AD1213014B89578E59000040	RSSI		
124124124124124124124124	RSSI	Sensor1		AD1213014B88DF915E000033	RSSI		AD1213014B89F18F5D000053	RSSI		AD1213014B889F8F5B00002C	RSSI		AD1213014B7BF7905C0000CB	RSSI		AD1213014B89578E59000040	RSSI		CC0CC0CC0CC0CC0CC0CC0CC0	RSSI		CC2CC2CC2CC2CC2CC2CC2CC2	RSSI		
CC0CC0CC0CC0CC0CC0CC0CC0	RSSI		CC2CC2CC2CC2CC2CC2CC2CC2	RSSI		E3E3E3E3E3E3E3E3E3E3E3E3	RSSI		010101010101010101010101	RSSI	Temperature		
888888888888888888888888	RSSI	Sensor1		CC0CC0CC0CC0CC0CC0CC0CC0	RSSI		CC2CC2CC2CC2CC2CC2CC2CC2	RSSI		122122122122122122122122	RSSI	Temperature		

10:35:11,530	0	0	0	-64	-66	-57	
10:35:11,827	-57	1.62564102564102	-57	-59	-46	-49	-62	0	0	
10:35:12,155	0	0	-64	-68	27.61	
10:35:12,436	-52	1587.70161290323	0	0	-50	-1000	
10:35:13,733	0	0	0	-65	-65	-58	
10:35:14,045	-57	1.63239074550129	-57	-59	-47	-49	-62	0	0	
10:35:14,373	0	0	-64	-68	27.61	
10:35:14,655	-52	1587.70161290323	0	0	-50	-1000	
10:35:15,967	0	0	0	-64	-65	-57	
10:35:16,248	-57	1.62564102564102	-57	-59	-47	-49	-62	0	0	
10:35:16,577	0	0	-64	-68	27.43	
10:35:16,873	-52	1594.00201612903	0	0	-50	-1000	
10:35:18,170	0	0	0	-65	-65	-58	
10:35:18,467	-56	1.63239074550129	-57	-59	-47	-49	-62	0	0	
10:35:18,795	0	0	-64	-67	27.61	
10:35:19,077	-53	1587.70161290323	0	0	-50	-1000	
10:35:20,389	0	0	0	-66	-65	-58	
10:35:20,686	-57	1.62564102564102	-57	-59	-47	-49	-61	0	0	
10:35:21,014	0	0	-63	-66	27.61	
10:35:21,295	-51	1594.00201612903	0	0	-50	-1000	
10:35:22,639	0	0	0	-64	-65	-57	
10:35:22,952	-57	1.62564102564102	-57	-59	-47	-49	-62	0	0	
10:35:23,280	0	0	-64	-66	27.61	
10:35:23,561	-53	1594.00201612903	0	0	-50	-1000	
10:35:24,889	0	0	0	-64	-66	-57	
10:35:25,186	-56	1.62564102564102	-57	-58	-47	-50	-62	0	0	
10:35:25,514	0	0	-64	-67	27.61	
10:35:25,795	-53	1581.40120967742	0	0	-51	-1000	
10:35:27,108	0	0	0	-65	-66	-57	
10:35:27,405	-57	1.61892583120205	-57	-58	-47	-49	-62	0	0	
10:35:27,733	0	0	-63	-66	27.61	
10:35:28,014	-52	1587.70161290323	0	0	-50	-1000	
10:35:29,311	0	0	0	-65	-66	-57	
10:35:29,623	-56	1.61224489795918	-57	-59	-46	-49	-62	0	0	
10:35:29,936	0	0	-64	-66	27.43	
10:35:30,217	-51	1587.70161290323	0	0	-49	-1000	
10:35:31,514	0	0	0	-63	-66	-57	
10:35:31,795	-57	1.61892583120205	-57	-59	-47	-49	-62	0	0	
10:35:32,123	0	0	-64	-68	27.43	
10:35:32,405	-52	1594.00201612903	0	0	-50	-1000	
10:35:33,717	0	0	0	-64	-65	-57	
10:35:34,014	-56	1.61224489795918	-57	-59	-47	-49	-62	0	0	
10:35:34,327	0	0	-64	-66	27.43	
10:35:34,639	-52	1587.70161290323	0	0	-50	-1000	
10:35:35,920	0	0	0	-65	-66	-57	
10:35:36,217	-56	1.61224489795918	-57	-59	-47	-49	-62	0	0	
10:35:36,545	0	0	-64	-66	27.43	
10:35:36,827	-51	1594.00201612903	0	0	-49	-1000	
10:35:38,139	0	0	0	-64	-65	-57	
10:35:38,420	-56	1.60559796437659	-57	-58	-47	-49	-62	0	0	
10:35:38,748	0	0	-64	-66	27.61	
10:35:39,030	-52	1587.70161290323	0	0	-50	-1000	
10:35:40,327	0	0	0	-64	-66	-57	
10:35:40,639	-56	1.61892583120205	-57	-59	-46	-49	-62	0	0	
10:35:40,967	0	0	-64	-66	27.25	
10:35:41,327	-51	1594.00201612903	0	0	-49	-1000	
10:35:42,639	0	0	0	-65	-66	-57	
10:35:42,936	-57	1.61892583120205	-57	-59	-46	-49	-62	0	0	
10:35:43,264	0	0	-64	-66	27.43	
10:35:43,545	-51	1587.70161290323	0	0	-49	-1000	
10:35:44,858	0	0	0	-64	-66	-57	
10:35:45,139	-56	1.61892583120205	-57	-59	-46	-49	-62	0	0	
10:35:45,452	0	0	-64	-65	27.61	
10:35:45,733	-51	1581.40120967742	0	0	-49	-1000	
10:35:47,045	0	0	0	-64	-66	-57	
10:35:47,342	-57	1.61892583120205	-57	-59	-46	-49	-61	0	0	
10:35:47,670	0	0	-64	-66	27.61	
10:35:47,952	-51	1587.70161290323	0	0	-49	-1000	
10:35:49,280	0	0	0	-65	-66	-57	
10:35:49,577	-56	1.61892583120205	-57	-58	-47	-49	-61	0	0	
10:35:49,889	0	0	-64	-65	27.43	
10:35:50,170	-51	1581.40120967742	0	0	-49	-1000	
10:35:51,483	1023	0	0	-66	0	-59	
10:35:51,780	-57	1.61892583120205	-57	-59	-46	-49	-62	0	0	
10:35:52,092	0	0	-64	-66	27.61	
10:35:52,373	-51	1594.00201612903	0	0	-49	-1000	
10:35:53,702	1023	0	0	-64	0	-58	
10:35:53,983	-56	1.61892583120205	-57	-58	-46	-49	-63	0	0	
10:35:54,264	0	0	-64	-66	27.43	
10:35:54,545	-51	1587.70161290323	0	0	-49	-1000	
10:35:55,858	1023	0	0	-64	0	-58	
10:35:56,155	-57	1.60559796437659	-57	-58	-47	-49	-62	0	0	
10:35:56,467	0	0	-64	-66	27.61	
10:35:56,748	-51	1600.30241935484	0	0	-49	-1000	
10:35:58,061	1023	0	0	-63	0	-58	
10:35:58,358	-57	1.61892583120205	-57	-58	-47	-49	-62	0	0	
10:35:58,639	0	0	-64	-66	27.61	
10:35:58,920	-51	1587.70161290323	0	0	-49	-1000	
10:36:00,233	1023	0	0	-62	0	-59	
10:36:00,530	-57	1.61224489795918	-57	-60	-47	-49	-60	0	0	
10:36:00,842	0	0	-64	-66	27.43	
10:36:01,123	-51	1587.70161290323	0	0	-49	-1000	
10:36:02,436	1023	0	0	-64	-69	-57	
10:36:02,733	-57	1.60559796437659	-57	-59	-46	-49	-61	0	0	
10:36:03,077	0	0	-64	-66	27.25	
10:36:03,358	-51	1587.70161290323	0	0	-49	-1000	
10:36:04,670	1023	0	0	-63	-66	-57	
10:36:04,967	-57	1.61224489795918	-57	-58	-47	-49	-66	0	0	
10:36:05,280	0	0	-64	-66	27.43	
10:36:05,561	-51	1587.70161290323	0	0	0	-1000	
10:36:06,858	1023	0	0	-65	-65	-61	
10:36:07,186	-57	1.60559796437659	-57	-59	-47	-49	-57	0	0	
10:36:07,530	0	0	-64	-66	27.43	
10:36:07,811	-51	1594.00201612903	0	0	-50	-1000	
10:36:09,123	1023	0	0	-65	-64	-57	
10:36:09,420	-57	1.61224489795918	-57	-59	-47	-49	-62	0	0	
10:36:09,733	0	0	-62	-66	27.43	
10:36:10,014	-51	1594.00201612903	0	0	-50	-1000	
10:36:11,327	1023	0	0	-65	-65	-57	
10:36:11,639	-56	1.60559796437659	-57	-59	-47	-49	-62	0	0	
10:36:11,983	0	0	-68	0	-1000	
10:36:13,217	-51	1594.00201612903	0	0	-49	-1000	
10:36:14,514	1023	0	0	-63	-64	-57	
10:36:14,827	-57	1.60559796437659	-57	-59	-47	-49	-62	0	0	
10:36:15,155	0	0	-67	0	-1000	
10:36:16,405	-52	1581.40120967742	0	0	-50	-1000	
10:36:17,733	1023	0	0	-64	-66	-58	
10:36:18,030	-56	1.60559796437659	-57	-59	-47	-49	-62	0	0	
10:36:18,358	0	0	0	-70	29.58	
10:36:18,639	-53	1556.1995967742	0	0	-50	32.28	
10:36:19,936	1023	0	0	-66	-66	-57	
10:36:20,248	-57	1.59240506329114	-57	-59	-47	-49	-62	0	0	
10:36:20,577	0	0	-66	-70	32.28	
10:36:20,889	-51	1606.60282258065	0	0	-57	32.46	
10:36:22,030	1023	0	0	-64	-66	-57	
10:36:22,327	-57	1.60559796437659	-57	-59	-47	-49	-62	0	0	
10:36:22,655	0	0	-62	-70	29.23	
10:36:22,952	-55	1594.00201612903	0	0	0	32.46	
10:36:23,920	1023	0	0	-64	-66	-58	
10:36:24,233	-56	1.5989847715736	-57	-58	-46	-49	-62	0	0	
10:36:24,577	0	0	0	-70	29.05	
10:36:24,873	-51	1587.70161290323	0	0	-50	-1000	
10:36:26,170	1023	0	0	-65	-66	-57	
10:36:26,498	-55	1.5989847715736	-57	-59	-47	-49	-63	0	0	
10:36:26,827	0	0	0	-70	28.69	
10:36:27,108	-50	1612.90322580645	0	0	-49	32.64	
10:36:27,498	1023	0	0	-64	-65	-57	
10:36:27,795	-56	1.5989847715736	-57	-58	-47	-49	-63	0	0	
10:36:28,123	0	0	0	-70	28.69	
10:36:28,405	-50	1619.20362903226	0	0	-49	32.46	
10:36:28,795	1023	0	0	-66	-66	-57	
10:36:29,092	-56	1.5989847715736	-57	-59	-47	-49	-63	0	0	
10:36:29,405	0	0	0	-69	28.51	
10:36:29,686	-49	1606.60282258065	0	0	-48	32.28	
10:36:30,030	1023	0	0	-66	-65	-57	
10:36:30,326	-56	1.5989847715736	-57	-59	-47	-49	-62	0	0	
10:36:30,655	0	0	0	-70	28.33	
10:36:30,936	-50	1606.60282258065	0	0	-49	32.46	
10:36:31,280	1023	0	0	-65	-66	-57	
10:36:31,592	-55	1.5989847715736	-57	-59	-47	-49	-63	0	0	
10:36:31,936	0	0	0	-70	28.51	
10:36:32,202	-50	1606.60282258065	0	0	-49	32.28	
10:36:32,545	1023	0	0	-65	-65	-57	
10:36:32,858	-56	1.59240506329114	-57	-59	-47	-49	-62	0	0	
10:36:33,155	0	0	0	-68	28.51	
10:36:33,420	-50	1606.60282258065	0	0	-48	32.46	
10:36:33,764	1023	0	0	-64	-66	-57	
10:36:34,061	-56	1.5989847715736	-57	-58	-46	-49	-62	0	0	
10:36:34,389	0	0	0	-70	28.33	
10:36:34,670	-52	1600.30241935484	0	0	-49	32.64	
10:36:35,186	1023	0	0	-64	-66	-57	
10:36:35,498	-56	1.5989847715736	-57	-58	-47	-49	-62	0	0	
10:36:35,827	0	0	0	-69	28.15	
10:36:36,108	-51	1600.30241935484	0	0	-50	-1000	
10:36:37,405	1023	0	0	-64	-66	-57	
10:36:37,717	-56	1.60559796437659	-57	-58	-47	-49	-62	0	0	
10:36:38,014	0	0	-65	-66	28.15	
10:36:38,327	-51	1612.90322580645	0	0	-49	32.28	
10:36:38,686	1023	0	0	-63	-64	-57	
10:36:38,983	-56	1.60559796437659	-57	-60	-47	-49	-62	0	0	
10:36:39,311	0	0	-62	-69	27.97	
10:36:39,592	-53	1594.00201612903	0	0	-49	32.28	
10:36:40,889	1023	0	0	-63	-65	-58	
10:36:41,280	-56	1.59240506329114	-57	-59	-47	-49	-62	0	0	
10:36:41,592	0	0	-66	-68	28.15	
10:36:41,873	-49	1499.49596774193	0	0	-50	-1000	
10:36:43,186	1023	0	0	-65	-64	-57	
10:36:43,483	-57	1.58585858585859	-57	-59	-47	-49	-61	0	0	
10:36:43,811	0	0	-63	-68	28.15	
10:36:44,092	-51	1594.00201612903	0	0	0	-1000	
10:36:45,405	1023	0	0	-66	-69	-74	
10:36:45,749	-56	1.5989847715736	-57	-59	-46	-49	-73	0	0	
10:36:46,077	0	0	-64	-68	28.15	
10:36:46,373	-52	1594.00201612903	0	0	0	-1000	
10:36:47,670	1023	0	0	-67	-68	0	
10:36:47,967	-57	1.5989847715736	-57	-58	-46	-49	0	0	0	
10:36:48,280	0	0	-64	-67	28.15	
10:36:48,561	-51	1581.40120967742	0	0	-50	-1000	
10:36:49,873	1023	0	0	-64	-70	0	
10:36:50,217	-56	1.5989847715736	-57	-59	-47	-49	0	0	0	
10:36:50,545	0	0	-65	-68	28.15	
10:36:50,827	-52	1594.00201612903	0	0	-50	-1000	
10:36:52,139	1023	0	0	-63	-69	-74	
10:36:52,452	-56	1.61224489795918	-57	-58	-47	-49	0	0	0	
10:36:52,764	0	0	-64	-66	27.97	
10:36:53,045	-51	1594.00201612903	0	0	-49	-1000	
10:36:54,358	1023	0	0	-66	-69	-76	
10:36:54,670	-56	1.5989847715736	-57	-58	-47	-49	0	0	0	
10:36:54,967	0	0	-64	-66	28.15	
10:36:55,264	-51	1594.00201612903	0	0	-49	-1000	
10:36:56,561	1023	0	0	-66	-69	0	
10:36:56,889	-57	1.5989847715736	-57	-58	-47	-49	0	0	0	
10:36:57,202	0	0	-64	-66	27.97	
10:36:57,483	-51	1594.00201612903	0	0	-49	-1000	
10:36:58,795	1023	0	0	-67	-70	-72	
10:36:59,092	-57	1.59240506329114	-57	-58	-46	-49	0	0	0	
10:36:59,405	0	0	-64	-66	27.97	
10:36:59,686	-51	1594.00201612903	0	0	-49	-1000	
10:37:00,998	1023	0	0	-63	-66	-66	
10:37:01,295	-56	1.61224489795918	-57	-58	-46	-49	-70	0	0	
10:37:01,639	0	0	-64	-67	27.97	
10:37:01,920	-52	1587.70161290323	0	0	-50	-1000	
10:37:03,217	1023	0	0	-69	-72	-65	
10:37:03,514	-57	1.5989847715736	-57	-59	-47	-49	-74	0	0	
10:37:03,858	0	0	-63	-68	27.97	
10:37:04,139	-51	1587.70161290323	0	0	-50	-1000	
10:37:05,436	1023	0	0	-64	-66	-58	
10:37:05,748	-57	1.5989847715736	-62	-58	-48	-51	-65	0	0	
10:37:06,061	0	0	-64	-66	27.79	
10:37:06,342	-51	1594.00201612903	0	0	-50	-1000	
10:37:07,670	1023	0	0	-63	-69	-56	
10:37:07,998	-62	1.57934508816121	-56	-60	-44	-47	-62	0	0	
10:37:08,295	0	0	-64	-66	27.79	
10:37:08,577	-53	1594.00201612903	0	0	-51	-1000	
10:37:09,889	1023	0	0	-62	-68	-56	
10:37:10,186	-61	1.56641604010025	-54	-60	-45	-46	-63	0	0	
10:37:10,498	0	0	-65	-66	27.79	
10:37:10,780	-53	1594.00201612903	0	0	0	-1000	
10:37:12,077	1023	0	0	-63	-68	-56	
10:37:12,373	-63	1.48543689320388	-54	-58	-45	-46	-63	0	0	
10:37:12,702	0	0	-65	-67	27.79	
10:37:12,967	-52	1594.00201612903	0	0	-50	-1000	
10:37:14,295	1023	0	0	-62	-69	-56	
10:37:14,608	-62	1.44391408114558	-54	-59	-45	-46	-64	0	0	
10:37:14,920	0	0	-65	-67	27.79	
10:37:15,202	-52	1594.00201612903	0	0	-50	-1000	
10:37:16,514	1023	0	0	-67	-69	-57	
10:37:16,873	-53	1.39812646370023	-58	-57	-46	-50	-66	0	0	
10:37:17,186	0	0	-64	-67	27.97	
10:37:17,467	-52	1587.70161290323	0	0	-50	-1000	
10:37:18,780	1023	0	0	-63	-64	-59	
10:37:19,077	-55	1.35402298850575	-57	-60	-45	-49	-63	0	0	
10:37:19,389	0	0	-65	-69	27.79	
10:37:19,670	-53	1587.70161290323	0	0	-50	-1000	
10:37:20,983	1023	0	0	-63	-65	-57	
10:37:21,280	-56	1.31151241534989	-57	-59	-47	-50	-62	0	0	
10:37:21,592	0	0	-64	-68	27.79	
10:37:21,874	-53	1587.70161290323	0	0	-50	-1000	
10:37:23,186	1023	0	0	-62	-70	-57	
10:37:23,498	-56	1.26548672566372	-57	-59	-47	-49	-62	0	0	
10:37:23,827	0	0	-64	-68	27.61	
10:37:24,108	-53	1581.40120967742	0	0	-50	-1000	
10:37:25,420	1023	0	0	-62	0	-57	
10:37:25,717	-56	1.23580786026201	-57	-59	-47	-49	-63	0	0	
10:37:26,030	0	0	-64	-67	27.61	
10:37:26,311	-53	1587.70161290323	0	0	-50	-1000	
10:37:27,608	1023	0	0	-62	-70	-58	
10:37:27,905	-56	1.20215053763441	-57	-59	-46	-49	-62	0	0	
10:37:28,217	0	0	-64	-68	27.79	
10:37:28,498	-53	1575.10080645161	0	0	-50	-1000	
10:37:29,795	1023	0	0	-62	-71	-58	
10:37:30,108	-56	1.16490486257928	-57	-60	-46	-49	-62	0	0	
10:37:30,420	0	0	-64	-68	27.79	
10:37:30,702	-53	1587.70161290323	0	0	-51	-1000	
10:37:32,014	1023	0	0	-65	0	-57	
10:37:32,311	-56	1.14225941422594	-57	-59	-46	-49	-62	0	0	
10:37:32,623	0	0	-63	-67	27.61	
10:37:32,889	-52	1575.10080645161	0	0	-50	-1000	
10:37:34,202	1023	0	0	-64	0	-58	
10:37:34,514	-56	1.11570247933884	-57	-59	-46	-49	-62	0	0	
10:37:34,811	0	0	-63	-66	27.79	
10:37:35,077	-51	1581.40120967742	0	0	-49	-1000	
10:37:36,405	1023	0	0	-67	0	-57	
10:37:36,702	-56	1.09406952965235	-57	-59	-46	-49	-61	0	0	
10:37:36,998	0	0	-64	-66	27.79	
10:37:37,280	-51	1594.00201612903	0	0	-49	-1000	
10:37:38,592	0	0	0	-65	-64	-57	
10:37:38,889	-56	1.06868686868687	-57	-59	-46	-49	-62	0	0	
10:37:39,217	0	0	-64	-66	27.79	
10:37:39,498	-51	1594.00201612903	0	0	-49	-1000	
10:37:40,795	0	0	0	-64	-64	-57	
10:37:41,108	-56	1.05210420841683	-57	-59	-46	-49	-62	0	0	
10:37:41,436	0	0	-64	-66	27.61	
10:37:41,702	-51	1581.40120967742	0	0	-49	-1000	
10:37:43,061	0	0	0	-64	-64	-57	
10:37:43,373	-55	1.0398406374502	-57	-59	-47	-49	-62	0	0	
10:37:43,702	0	0	-64	-67	27.61	
10:37:43,998	-53	1581.40120967742	0	0	-50	-1000	
10:37:45,311	0	0	0	-64	-64	-57	
10:37:45,608	-56	1.01972386587771	-57	-59	-47	-49	-62	0	0	
10:37:45,936	0	0	-64	-67	27.79	
10:37:46,217	-53	1581.40120967742	0	0	-50	-1000	
10:37:47,530	0	0	0	-64	-64	-57	
10:37:47,842	-55	1.01178781925344	-57	-60	-46	-49	-62	0	0	
10:37:48,170	0	0	-64	-67	27.97	
10:37:48,436	-53	1581.40120967742	0	0	-50	-1000	
10:37:49,748	0	0	0	-65	-64	-57	
10:37:50,061	-56	0.996101364522417	-57	-59	-46	-49	-62	0	0	
10:37:50,389	0	0	-64	-68	27.79	
10:37:50,702	-51	1587.70161290323	0	0	-49	-1000	
10:37:52,014	0	0	0	-66	-64	-57	
10:37:52,311	-56	0.984496124031008	-57	-59	-46	-49	-62	0	0	
10:37:52,639	0	0	-64	-66	27.79	
10:37:52,920	-51	1594.00201612903	0	0	-49	-1000	
10:37:54,233	0	0	0	-65	-64	-57	
10:37:54,514	-56	0.969230769230769	-57	-59	-46	-49	-62	0	0	
10:37:54,842	0	0	-64	-66	27.79	
10:37:55,123	-51	1587.70161290323	0	0	-49	-1000	
10:37:56,436	0	0	0	-65	-64	-57	
10:37:56,748	-56	0.954198473282443	-57	-58	-47	-49	-62	0	0	
10:37:57,077	0	0	-63	-66	27.61	
10:37:57,373	-52	1581.40120967742	0	0	-50	-1000	
10:37:58,686	0	0	0	-64	-66	-57	
10:37:58,998	-56	0.95047619047619	-57	-59	-46	-49	-62	0	0	
10:37:59,327	0	0	-64	-66	27.79	
10:37:59,608	-52	1581.40120967742	0	0	-50	-1000	
10:38:00,889	0	0	0	-64	-66	-57	
10:38:01,186	-56	0.939393939393939	-57	-59	-46	-49	-62	0	0	
10:38:01,514	0	0	-63	-66	27.61	
10:38:01,827	-53	1581.40120967742	0	0	-51	-1000	
10:38:03,123	0	0	0	-64	-66	-57	
10:38:03,420	-56	0.935727788279773	-57	-59	-46	-49	-62	0	0	
10:38:03,748	0	0	-63	-66	27.97	
10:38:04,030	-52	1587.70161290323	0	0	-50	-1000	
10:38:05,311	0	0	0	-64	-66	-57	
10:38:05,608	-56	0.935727788279773	-57	-59	-46	-49	-62	0	0	
10:38:05,936	0	0	-63	-66	27.61	
10:38:06,233	-52	1587.70161290323	0	0	-50	-1000	
10:38:07,514	0	0	0	-64	-66	-57	
10:38:07,811	-56	0.92843691148776	-57	-59	-46	-49	-62	0	0	
10:38:08,108	0	0	-64	-65	27.61	
10:38:08,389	-51	1587.70161290323	0	0	-49	-1000	
10:38:09,686	0	0	0	-64	-65	-57	
10:38:09,983	-56	0.921200750469044	-57	-59	-46	-49	-62	0	0	
10:38:10,280	0	0	-63	-66	27.79	
10:38:10,577	-52	1575.10080645161	0	0	-50	-1000	
10:38:11,873	0	0	0	-64	-66	-57	
10:38:12,170	-56	0.906890130353818	-57	-59	-46	-49	-62	0	0	
10:38:12,498	0	0	-63	-66	27.43	
10:38:12,780	-52	1587.70161290323	0	0	-50	-1000	
10:38:14,061	0	0	0	-64	-66	-57	
10:38:14,373	-56	0.903345724907063	-57	-59	-46	-49	-62	0	0	
10:38:14,717	0	0	-64	-66	27.79	
10:38:14,998	-53	1587.70161290323	0	0	-51	-1000	
10:38:16,311	0	0	0	-64	-66	-57	
10:38:16,608	-55	0.896296296296296	-57	-59	-46	-49	-62	0	0	
10:38:16,952	0	0	-64	-67	27.97	
10:38:17,233	-52	1594.00201612903	0	0	-50	-1000	
10:38:18,530	0	0	0	-64	-65	-57	
10:38:18,827	-56	0.89279112754159	-57	-59	-46	-49	-62	0	0	
10:38:19,170	0	0	-63	-66	27.61	
10:38:19,452	-52	1581.40120967742	0	0	-50	-1000	
10:38:20,764	0	0	0	-64	-66	-57	
10:38:21,061	-56	0.885819521178637	-57	-59	-46	-49	-61	0	0	
10:38:21,405	0	0	-64	-66	27.61	
10:38:21,717	-52	1587.70161290323	0	0	-50	-1000	
10:38:23,014	0	0	0	-64	-65	-57	
10:38:23,311	-56	0.885819521178637	-57	-59	-47	-49	-62	0	0	
10:38:23,639	0	0	-64	-67	27.61	
10:38:23,920	-52	1600.30241935484	0	0	-50	-1000	
10:38:25,233	0	0	0	-63	-65	-57	
10:38:25,514	-56	0.882352941176471	-57	-60	-47	-49	-62	0	0	
10:38:25,842	0	0	-64	-67	27.79	
10:38:26,123	-52	1587.70161290323	0	0	-50	-1000	
10:38:27,436	0	0	0	-64	-65	-57	
10:38:27,717	-56	0.875457875457875	-57	-59	-47	-49	-62	0	0	
10:38:28,045	0	0	-64	-68	27.61	
10:38:28,327	-52	1581.40120967742	0	0	-50	-1000	
10:38:29,623	0	0	0	-64	-65	-57	
10:38:29,920	-56	0.878899082568807	-57	-59	-47	-49	-61	0	0	
10:38:30,248	0	0	-63	-66	27.61	
10:38:30,530	-51	1594.00201612903	0	0	-49	-1000	
10:38:31,858	0	0	0	-64	-65	-57	
10:38:32,155	-56	0.872029250457038	-57	-59	-47	-49	-62	0	0	
10:38:32,530	0	0	-64	-66	27.61	
10:38:32,842	-52	1594.00201612903	0	0	-50	-1000	
10:38:34,155	0	0	0	-64	-65	-57	
10:38:34,467	-56	0.865209471766849	-57	-59	-47	-49	-62	0	0	
10:38:34,795	0	0	-64	-68	27.43	
10:38:35,077	-52	1581.40120967742	0	0	-50	-1000	
10:38:36,405	0	0	0	-63	-65	-57	
10:38:36,686	-56	0.861818181818182	-57	-59	-47	-49	-62	0	0	
10:38:37,030	0	0	-63	-66	27.79	
10:38:37,311	-52	1587.70161290323	0	0	-50	-1000	
10:38:38,639	0	0	0	-64	-66	-57	
10:38:38,936	-56	0.858439201451906	-57	-59	-47	-49	-62	0	0	
10:38:39,264	0	0	-63	-66	27.61	
10:38:39,545	-52	1587.70161290323	0	0	-50	-1000	
10:38:40,842	0	0	0	-64	-66	-57	
10:38:41,155	-56	0.855072463768116	-57	-59	-47	-49	-62	0	0	
10:38:41,467	0	0	-63	-65	27.43	
10:38:41,748	-51	1594.00201612903	0	0	-49	-1000	
10:38:43,045	0	0	0	-64	-66	-57	
10:38:43,342	-56	0.851717902350814	-57	-59	-47	-49	-62	0	0	
10:38:43,655	0	0	-64	-65	27.79	
10:38:43,936	-51	1600.30241935484	0	0	-49	-1000	
10:38:45,233	0	0	0	-63	-65	-57	
10:38:45,545	-56	0.841726618705037	-57	-59	-46	-49	-62	0	0	
10:38:45,889	0	0	-63	-66	27.79	
10:38:46,170	-52	1587.70161290323	0	0	-50	-1000	
10:38:47,452	0	0	0	-64	-66	-57	
10:38:47,748	-56	0.841726618705037	-57	-59	-46	-49	-62	0	0	
10:38:48,077	0	0	-63	-66	27.79	
10:38:48,358	-52	1587.70161290323	0	0	-50	-1000	
10:38:49,655	0	0	0	-64	-66	-57	
10:38:49,967	-56	0.838420107719928	-57	-59	-47	-49	-62	0	0	
10:38:50,295	0	0	-64	-66	27.79	
10:38:50,608	-52	1587.70161290323	0	0	-50	-1000	
10:38:51,905	0	0	0	-64	-65	-57	
10:38:52,202	-56	0.841726618705037	-57	-59	-47	-49	-62	0	0	
10:38:52,545	0	0	-64	-66	27.79	
10:38:52,842	-51	1587.70161290323	0	0	-49	-1000	
10:38:54,139	0	0	0	-64	-66	-57	
10:38:54,452	-56	0.848375451263538	-57	-59	-47	-49	-62	0	0	
10:38:54,780	0	0	-63	-66	27.61	
10:38:55,061	-51	1587.70161290323	0	0	-49	-1000	
10:38:56,358	0	0	0	-65	-66	-57	
10:38:56,655	-56	0.845045045045045	-57	-59	-46	-49	-62	0	0	
10:38:56,983	0	0	-64	-66	27.61	
10:38:57,264	-51	1594.00201612903	0	0	-49	-1000	
10:38:58,592	0	0	0	-65	-66	-57	
10:38:58,889	-56	0.845045045045045	-57	-59	-46	-49	-62	0	0	
10:38:59,186	0	0	-64	-66	27.61	
10:38:59,467	-51	1587.70161290323	0	0	-49	-1000	
10:39:00,780	0	0	0	-64	-66	-57	
10:39:01,108	-56	0.838420107719928	-57	-59	-46	-49	-62	0	0	
10:39:01,436	0	0	-64	-67	27.79	
10:39:01,733	-53	1581.40120967742	0	0	-50	-1000	
10:39:03,030	0	0	0	-65	-66	-57	
10:39:03,327	-56	0.835125448028674	-57	-59	-47	-49	-62	0	0	
10:39:03,655	0	0	-64	-66	27.61	
10:39:03,967	-52	1587.70161290323	0	0	-50	-1000	
10:39:05,280	0	0	0	-64	-66	-57	
10:39:05,561	-56	0.831842576028622	-57	-59	-47	-49	-62	0	0	
10:39:05,889	0	0	-64	-66	27.61	
10:39:06,170	-52	1594.00201612903	0	0	-50	-1000	
10:39:07,467	0	0	0	-64	-66	-57	
10:39:07,748	-56	0.825311942959001	-57	-59	-47	-49	-62	0	0	
10:39:08,123	0	0	-64	-67	27.61	
10:39:08,405	-52	1587.70161290323	0	0	-50	-1000	
10:39:09,733	0	0	0	-64	-65	-57	
10:39:10,045	-56	0.818827708703374	-57	-59	-47	-49	-62	0	0	
10:39:10,373	0	0	-64	-67	27.79	
10:39:10,655	-52	1594.00201612903	0	0	-50	-1000	
10:39:11,983	0	0	0	-64	-65	-57	
10:39:12,295	-56	0.822064056939502	-57	-59	-47	-49	-62	0	0	
10:39:12,639	0	0	-63	-65	27.61	
10:39:12,920	-51	1594.00201612903	0	0	-49	-1000	
10:39:14,217	0	0	0	-65	-66	-57	
10:39:14,514	-56	0.822064056939502	-57	-59	-47	-49	-62	0	0	
10:39:14,811	0	0	-64	-66	27.43	
10:39:15,092	-51	1587.70161290323	0	0	-49	-1000	
10:39:16,420	0	0	0	-64	-66	-57	
10:39:16,702	-56	0.815602836879433	-57	-59	-47	-49	-62	0	0	
10:39:17,030	0	0	-64	-66	27.61	
10:39:17,311	-51	1600.30241935484	0	0	-49	-1000	
10:39:18,608	0	0	0	-63	-65	-57	
10:39:18,858	-56	0.815602836879433	-57	-59	-47	-49	-62	0	0	
10:39:19,202	0	0	-64	-66	27.61	
10:39:19,514	-51	1594.00201612903	0	0	-49	-1000	
10:39:20,811	0	0	0	-63	-65	-57	
10:39:21,092	-56	0.812389380530973	-57	-59	-47	-49	-62	0	0	
10:39:21,436	0	0	-64	-65	27.79	
10:39:21,717	-51	1587.70161290323	0	0	-49	-1000	
10:39:23,030	0	0	0	-65	-66	-57	
10:39:23,327	-56	0.812389380530973	-57	-59	-47	-49	-62	0	0	
10:39:23,655	0	0	-64	-66	27.79	
10:39:23,936	-51	1594.00201612903	0	0	-49	-1000	
10:39:25,233	0	0	0	-64	-66	-57	
10:39:25,530	-56	0.812389380530973	-57	-59	-46	-49	-62	0	0	
10:39:25,858	0	0	-64	-66	27.61	
10:39:26,139	-51	1594.00201612903	0	0	-49	-1000	
10:39:27,451	0	0	0	-64	-66	-57	
10:39:27,748	-56	0.818827708703374	-57	-59	-46	-49	-62	0	0	
10:39:28,077	0	0	-64	-66	27.61	
10:39:28,389	-52	1581.40120967742	0	0	-50	-1000	
10:39:29,686	0	0	0	-64	-66	-57	
10:39:29,983	-56	0.822064056939502	-57	-59	-46	-49	-62	0	0	
10:39:30,311	0	0	-64	-66	27.43	
10:39:30,592	-51	1594.00201612903	0	0	-49	-1000	
10:39:31,905	0	0	0	-66	-66	-57	
10:39:32,202	-56	0.812389380530973	-57	-59	-46	-49	-62	0	0	
10:39:32,545	0	0	-63	-66	27.61	
10:39:32,827	-52	1594.00201612903	0	0	-50	-1000	
10:39:34,108	0	0	0	-65	-66	-57	
10:39:34,405	-56	0.815602836879433	-57	-59	-46	-49	-62	0	0	
10:39:34,702	0	0	-63	-65	27.79	
10:39:34,983	-51	1594.00201612903	0	0	-49	-1000	
10:39:36,295	0	0	0	-65	-66	-57	
10:39:36,592	-56	0.818827708703374	-57	-59	-47	-49	-62	0	0	
10:39:36,920	0	0	-64	-66	27.61	
10:39:37,202	-51	1594.00201612903	0	0	-49	-1000	
10:39:38,498	0	0	0	-65	-65	-57	
10:39:38,795	-56	0.825311942959001	-57	-59	-46	-49	-61	0	0	
10:39:39,123	0	0	-64	-66	27.61	
10:39:39,405	-51	1587.70161290323	0	0	-49	-1000	
10:39:40,702	0	0	0	-64	-66	-57	
10:39:41,014	-56	0.825311942959001	-57	-59	-47	-49	-62	0	0	
10:39:41,342	0	0	-64	-66	27.61	
10:39:41,639	-52	1581.40120967742	0	0	-50	-1000	
10:39:42,936	0	0	0	-64	-66	-57	
10:39:43,233	-56	0.831842576028622	-57	-59	-47	-49	-62	0	0	
10:39:43,561	0	0	-64	-66	27.61	
10:39:43,827	-52	1581.40120967742	0	0	-50	-1000	
10:39:45,123	0	0	0	-65	-66	-57	
10:39:45,420	-56	0.835125448028674	-57	-59	-46	-49	-62	0	0	
10:39:45,764	0	0	-64	-67	27.61	
10:39:46,045	-53	1587.70161290323	0	0	-50	-1000	
10:39:47,358	0	0	0	-64	-66	-57	
10:39:47,670	-56	0.841726618705037	-57	-59	-47	-49	-62	0	0	
10:39:47,998	0	0	-64	-67	27.61	
10:39:48,264	-53	1587.70161290323	0	0	-50	-1000	
10:39:49,592	0	0	0	-65	-66	-57	
10:39:49,905	-56	0.838420107719928	-57	-59	-47	-49	-61	0	0	
10:39:50,233	0	0	-64	-68	27.61	
10:39:50,514	-52	1581.40120967742	0	0	-50	-1000	
10:39:51,811	0	0	0	-65	-65	-57	
10:39:52,092	-56	0.838420107719928	-57	-59	-47	-49	-62	0	0	
10:39:52,420	0	0	-64	-67	27.43	
10:39:52,702	-52	1594.00201612903	0	0	-50	-1000	
