Reader Antennas:	Ant:1	Ant:2	Ant:3	Ant:4	
110110110110110110110110	Sensor2		CC0CC0CC0CC0CC0CC0CC0CC0	RSSI		CC2CC2CC2CC2CC2CC2CC2CC2	RSSI		B4B4B4B4B4B4B4B4B4B4B4B4	RSSI		A2A2A2A2A2A2A2A2A2A2A2A2	RSSI		AD1213014B89578E59000040	RSSI		
124124124124124124124124	RSSI	Sensor1		AD1213014B88DF915E000033	RSSI		AD1213014B89F18F5D000053	RSSI		AD1213014B889F8F5B00002C	RSSI		AD1213014B7BF7905C0000CB	RSSI		AD1213014B89578E59000040	RSSI		CC0CC0CC0CC0CC0CC0CC0CC0	RSSI		CC2CC2CC2CC2CC2CC2CC2CC2	RSSI		
CC0CC0CC0CC0CC0CC0CC0CC0	RSSI		CC2CC2CC2CC2CC2CC2CC2CC2	RSSI		E3E3E3E3E3E3E3E3E3E3E3E3	RSSI		010101010101010101010101	RSSI	Temperature		
888888888888888888888888	RSSI	Sensor1		CC0CC0CC0CC0CC0CC0CC0CC0	RSSI		CC2CC2CC2CC2CC2CC2CC2CC2	RSSI		122122122122122122122122	RSSI	Temperature		
09:53:58,186	0	0	0	0	-66	-57	
09:53:58,467	-56	1.75268817204301	-58	-60	-46	-50	-62	0	0	
09:53:58,795	0	0	-63	-66	27.61	
09:53:59,108	-53	1562.5	0	0	-49	32.64	
09:53:59,436	0	0	0	-68	-66	-57	
09:53:59,748	-56	1.75268817204301	-58	-61	-46	-50	-62	0	0	
09:54:00,077	0	0	-64	-69	27.43	
09:54:00,358	-53	1575.10080645161	0	0	-49	32.64	
09:54:00,702	0	0	0	0	-66	-57	
09:54:00,983	-56	1.75268817204301	-58	-60	-46	-50	-62	0	0	
09:54:01,311	0	0	-64	-66	27.61	
09:54:01,592	-53	1562.5	0	0	-48	32.64	
09:54:01,952	0	0	0	-68	-66	-57	
09:54:02,295	-56	1.76010781671159	-58	-60	-46	-50	-62	0	0	
09:54:02,623	0	0	-63	-66	27.79	
09:54:02,905	-53	1562.5	0	0	-48	32.64	
09:54:03,264	0	0	0	-68	-66	-57	
09:54:03,561	-56	1.76010781671159	-58	-60	-46	-50	-62	0	0	
09:54:03,873	0	0	-64	-68	27.43	
09:54:04,155	-53	1562.5	0	0	-49	32.64	
09:54:04,514	0	0	0	-69	-66	-57	
09:54:04,795	-56	1.76010781671159	-58	-60	-46	-49	-62	0	0	
09:54:05,123	0	0	-63	-66	27.43	
09:54:05,405	-53	1587.70161290323	0	0	-48	32.64	
09:54:05,748	0	0	0	-69	-66	-57	
09:54:06,045	-56	1.76010781671159	-58	-60	-46	-50	-62	0	0	
09:54:06,389	0	0	-64	-68	27.61	
09:54:06,670	-53	1575.10080645161	0	0	-49	32.64	
09:54:06,998	0	0	0	-67	-65	-57	
09:54:07,311	-56	1.75268817204301	-58	-60	-46	-50	-62	0	0	
09:54:07,639	0	0	-64	-66	27.61	
09:54:07,920	-53	1587.70161290323	0	0	-48	32.64	
09:54:08,264	0	0	0	-69	-66	-57	
09:54:08,561	-56	1.76010781671159	-58	-60	-46	-50	-62	0	0	
09:54:08,842	0	0	-63	-67	27.61	
09:54:09,123	-53	1562.5	0	0	-49	32.64	
09:54:09,452	0	0	0	-67	-65	-57	
09:54:09,748	-56	1.76010781671159	-58	-61	-46	-50	-62	0	0	
09:54:10,045	0	0	-64	-68	27.61	
09:54:10,327	-53	1581.40120967742	0	0	-49	32.46	
09:54:10,717	0	0	0	-69	-65	-57	
09:54:11,030	-56	1.75268817204301	-58	-60	-46	-50	-62	0	0	
09:54:11,373	0	0	-64	-69	27.43	
09:54:11,655	-53	1575.10080645161	0	0	-49	32.64	
09:54:11,998	0	0	0	-69	-66	-57	
09:54:12,280	-56	1.76010781671159	-58	-60	-46	-50	-62	0	0	
09:54:12,608	0	0	-63	-66	27.61	
09:54:12,889	-53	1581.40120967742	0	0	-48	32.46	
09:54:13,233	0	0	0	-68	-66	-57	
09:54:13,514	-56	1.75268817204301	-58	-60	-46	-50	-62	0	0	
09:54:13,811	0	0	-64	-67	27.79	
09:54:14,108	-53	1568.80040322581	0	0	-49	32.64	
09:54:14,436	0	0	0	-66	-66	-57	
09:54:14,733	-55	1.76756756756757	-58	-61	-46	-50	-62	0	0	
09:54:15,045	0	0	-64	-68	27.43	
09:54:15,327	-53	1568.80040322581	0	0	-49	32.64	
09:54:15,655	0	0	0	-66	-65	-57	
09:54:15,967	-56	1.76756756756757	-58	-60	-46	-49	-62	0	0	
09:54:16,295	0	0	-63	-66	27.61	
09:54:16,577	-53	1587.70161290323	0	0	-48	32.64	
09:54:16,920	0	0	0	-68	-66	-57	
09:54:17,217	-56	1.76010781671159	-58	-60	-46	-49	-62	0	0	
09:54:17,530	0	0	-64	-67	27.43	
09:54:17,842	-53	1575.10080645161	0	0	-49	32.64	
09:54:18,186	0	0	0	-66	-65	-57	
09:54:18,467	-56	1.76756756756757	-58	-61	-46	-50	-62	0	0	
09:54:18,795	0	0	-64	-69	27.43	
09:54:19,077	-53	1581.40120967742	0	0	-49	32.64	
09:54:19,420	0	0	0	-69	-66	-57	
09:54:19,702	-56	1.75268817204301	-58	-61	-46	-50	-62	0	0	
09:54:20,030	0	0	-63	-66	27.79	
09:54:20,311	-53	1575.10080645161	0	0	-48	32.82	
09:54:20,655	0	0	0	-68	-65	-57	
09:54:20,967	-56	1.76010781671159	-58	-60	-46	-50	-62	0	0	
09:54:21,295	0	0	-64	-68	27.61	
09:54:21,561	-53	1575.10080645161	0	0	-49	32.64	
09:54:21,889	0	0	0	-66	-64	-57	
09:54:22,170	-56	1.76756756756757	-58	-61	-46	-50	-62	0	0	
09:54:22,498	0	0	-64	-69	27.79	
09:54:22,780	-53	1587.70161290323	0	0	-49	32.64	
09:54:23,139	0	0	0	-67	-65	-57	
09:54:23,452	-56	1.77506775067751	-58	-60	-46	-50	-62	0	0	
09:54:23,764	0	0	-63	-67	27.43	
09:54:24,045	-53	1568.80040322581	0	0	-49	32.64	
09:54:24,358	0	0	0	-67	-65	-57	
09:54:24,670	-56	1.76010781671159	-59	-61	-46	-50	-62	0	0	
09:54:24,983	0	0	-64	-67	27.79	
09:54:25,248	-53	1568.80040322581	0	0	-49	32.64	
09:54:25,577	0	0	0	-66	-64	-57	
09:54:25,858	-56	1.76756756756757	-58	-61	-46	-50	-62	0	0	
09:54:26,202	0	0	-64	-69	27.61	
09:54:26,483	-53	1575.10080645161	0	0	-49	32.82	
09:54:26,827	0	0	0	-68	-66	-57	
09:54:27,123	-56	1.76010781671159	-58	-60	-46	-50	-62	0	0	
09:54:27,452	0	0	-64	-67	27.61	
09:54:27,733	-53	1587.70161290323	0	0	-48	32.64	
09:54:28,077	0	0	0	-69	-65	-57	
09:54:28,373	-56	1.76756756756757	-58	-60	-46	-49	-62	0	0	
09:54:28,717	0	0	-64	-68	27.61	
09:54:28,998	-53	1575.10080645161	0	0	-49	32.64	
09:54:29,327	0	0	0	-66	-64	-57	
09:54:29,623	-56	1.75268817204301	-58	-61	-46	-50	-62	0	0	
09:54:29,952	0	0	-64	-68	27.61	
09:54:30,233	-53	1581.40120967742	0	0	-49	32.82	
09:54:30,592	0	0	0	-67	-65	-57	
09:54:30,889	-56	1.75268817204301	-58	-60	-46	-50	-62	0	0	
09:54:31,233	0	0	-64	-68	27.79	
09:54:31,514	-53	1581.40120967742	0	0	-49	32.46	
09:54:31,873	0	0	0	0	-65	-57	
09:54:32,139	-56	1.76756756756757	-58	-61	-46	-49	-62	0	0	
09:54:32,467	0	0	-63	-66	27.43	
09:54:32,748	-53	1587.70161290323	0	0	-48	32.64	
09:54:33,092	0	0	0	-68	-65	-57	
09:54:33,405	-56	1.75268817204301	-58	-60	-46	-50	-61	0	0	
09:54:33,702	0	0	-63	-68	27.61	
09:54:33,998	-53	1562.5	0	0	-49	32.82	
09:54:34,311	0	0	0	-67	-65	-57	
09:54:34,623	-56	1.76010781671159	-59	-61	-46	-50	-62	0	0	
09:54:34,967	0	0	-64	-69	27.79	
09:54:35,248	-53	1568.80040322581	0	0	-49	32.46	
09:54:35,623	0	0	0	-67	-66	-57	
09:54:35,920	-56	1.75268817204301	-58	-61	-46	-50	-61	0	0	
09:54:36,264	0	0	-64	-68	27.79	
09:54:36,545	-53	1587.70161290323	0	0	-49	32.64	
09:54:36,905	0	0	0	-67	-66	-57	
09:54:37,202	-56	1.76010781671159	-58	-60	-46	-50	-62	0	0	
09:54:37,530	0	0	-63	-66	27.61	
09:54:37,811	-53	1587.70161290323	0	0	-48	32.82	
09:54:38,186	0	0	0	-66	-65	-57	
09:54:38,483	-56	1.75268817204301	-58	-61	-46	-50	-62	0	0	
09:54:38,795	0	0	-64	-68	27.61	
09:54:39,077	-53	1575.10080645161	0	0	-49	32.64	
09:54:39,405	0	0	0	-66	-64	-57	
09:54:39,702	-56	1.76010781671159	-58	-61	-46	-50	-62	0	0	
09:54:40,030	0	0	-64	-66	27.61	
09:54:40,311	-53	1587.70161290323	0	0	-48	32.46	
09:54:40,686	0	0	0	-67	-65	-57	
09:54:40,983	-56	1.75268817204301	-58	-60	-46	-50	-62	0	0	
09:54:41,295	0	0	-64	-68	27.61	
09:54:41,577	-53	1568.80040322581	0	0	-49	32.82	
09:54:41,983	0	0	0	-67	-66	-57	
09:54:42,280	-56	1.76010781671159	-58	-60	-46	-50	-62	0	0	
09:54:42,592	0	0	-64	-68	27.61	
09:54:42,873	-53	1575.10080645161	0	0	-49	32.64	
09:54:43,217	0	0	0	-66	-65	-57	
09:54:43,498	-56	1.76010781671159	-59	-61	-46	-50	-62	0	0	
09:54:43,811	0	0	-64	-69	27.79	
09:54:44,092	-53	1575.10080645161	0	0	-49	32.64	
09:54:44,436	0	0	0	-69	-66	-57	
09:54:44,717	-56	1.75268817204301	-58	-60	-46	-50	-62	0	0	
09:54:45,030	0	0	-64	-66	27.61	
09:54:45,311	-53	1581.40120967742	0	0	-48	32.64	
09:54:45,655	0	0	0	-67	-66	-57	
09:54:45,952	-56	1.75268817204301	-58	-60	-46	-49	-62	0	0	
09:54:46,217	0	0	-63	-67	27.43	
09:54:46,498	-53	1575.10080645161	0	0	-49	32.46	
09:54:46,858	0	0	0	-66	-65	-57	
09:54:47,155	-56	1.76010781671159	-58	-61	-46	-49	-62	0	0	
09:54:47,467	0	0	-64	-69	27.61	
09:54:47,764	-53	1575.10080645161	0	0	-49	32.64	
09:54:48,092	1023	0	0	-66	-70	-57	
09:54:48,405	-56	1.76010781671159	-57	-60	-46	-50	-62	0	0	
09:54:48,733	0	0	-63	-66	27.61	
09:54:49,014	-53	1581.40120967742	0	0	-48	32.46	
09:54:49,358	1023	0	0	-69	-68	-57	
09:54:49,655	-56	1.76010781671159	-57	-61	-46	-49	-61	0	0	
09:54:49,936	0	0	-63	-67	27.43	
09:54:50,217	-53	1575.10080645161	0	0	-49	32.46	
09:54:50,530	1023	0	0	-62	-69	-57	
09:54:50,842	-56	1.74530831099196	-58	-61	-45	-49	-63	0	0	
09:54:51,155	0	0	-64	-68	27.61	
09:54:51,420	-53	1575.10080645161	0	0	-49	32.64	
09:54:51,811	1023	0	0	-64	-70	-58	
09:54:52,123	-55	1.76010781671159	-57	-60	-46	-50	-62	0	0	
09:54:52,467	0	0	-64	-67	27.61	
09:54:52,733	-53	1575.10080645161	0	0	-49	32.64	
09:54:53,108	1023	0	0	-61	-62	-60	
09:54:53,389	-56	1.76010781671159	-58	-62	-46	-49	-62	0	0	
09:54:53,686	0	0	-64	-69	27.61	
09:54:53,967	-53	1587.70161290323	0	0	-49	32.64	
09:54:54,327	0	0	0	-63	-64	-57	
09:54:54,623	-56	1.76756756756757	-58	-60	-46	-49	-60	0	0	
09:54:54,920	0	0	-63	-67	27.61	
09:54:55,202	-53	1556.1995967742	0	0	-49	32.64	
09:54:55,530	0	0	0	-63	-63	-56	
09:54:55,842	-56	1.76010781671159	-59	-61	-46	-49	-61	0	0	
09:54:56,170	0	0	-64	-67	27.61	
09:54:56,436	-53	1575.10080645161	0	0	-49	32.64	
09:54:56,811	0	0	0	-64	-65	-57	
09:54:57,108	-56	1.75268817204301	-58	-60	-46	-49	-59	0	0	
09:54:57,405	0	0	-63	-66	27.61	
09:54:57,701	-53	1587.70161290323	0	0	-48	32.28	
09:54:58,030	0	0	0	-63	-65	-57	
09:54:58,342	-56	1.76010781671159	-58	-60	-46	-49	-59	0	0	
09:54:58,639	0	0	-63	-66	27.79	
09:54:58,920	-53	1562.5	0	0	-49	32.64	
09:54:59,311	0	0	0	-66	-65	-56	
09:54:59,592	-56	1.75268817204301	-58	-59	-46	-49	-60	0	0	
09:54:59,920	0	0	-63	-66	27.61	
09:55:00,202	-53	1575.10080645161	0	0	-48	32.46	
09:55:00,608	0	0	0	-65	-63	-57	
09:55:00,905	-56	1.76010781671159	-59	-60	-46	-49	-61	0	0	
09:55:01,233	0	0	-63	-66	27.43	
09:55:01,545	-53	1575.10080645161	0	0	-49	32.82	
09:55:01,905	0	0	0	-62	-63	-57	
09:55:02,186	-55	1.75268817204301	-59	-58	-47	-49	-63	0	0	
09:55:02,514	0	0	-65	-68	27.43	
09:55:02,795	-53	1575.10080645161	0	0	-49	32.46	
09:55:03,139	0	0	0	-70	0	-66	
09:55:03,420	-57	1.76756756756757	-59	-59	-47	-50	0	0	0	
09:55:03,748	0	0	-63	-66	27.61	
09:55:04,030	-53	1587.70161290323	0	0	-48	32.82	
09:55:04,420	0	0	0	-63	-67	-62	
09:55:04,717	-56	1.76010781671159	-58	-60	-47	-50	-63	0	0	
09:55:05,045	0	0	-64	-68	27.61	
09:55:05,358	-53	1581.40120967742	0	0	-49	32.46	
09:55:05,717	1023	0	0	-68	-62	-56	
09:55:06,014	-56	1.76756756756757	-58	-60	-47	-49	-62	0	0	
09:55:06,342	0	0	-64	-67	27.61	
09:55:06,623	-53	1575.10080645161	0	0	-49	32.46	
09:55:06,998	1023	0	0	0	-63	-57	
09:55:07,295	-56	1.75268817204301	-58	-60	-47	-49	-60	0	0	
09:55:07,608	0	0	-64	-66	27.43	
09:55:07,889	-53	1581.40120967742	0	0	-48	32.64	
09:55:08,233	1023	0	0	-66	-63	-58	
09:55:08,577	-56	1.75268817204301	-58	-62	-46	-49	-59	0	0	
09:55:08,905	0	0	-65	-69	27.61	
09:55:09,186	-53	1575.10080645161	0	0	-49	32.46	
09:55:09,530	1023	0	0	-67	-63	-59	
09:55:09,827	-55	1.75268817204301	-57	-62	-46	-49	-58	0	0	
09:55:10,155	0	0	-63	-66	27.61	
09:55:10,467	-53	1556.1995967742	0	0	-49	32.64	
09:55:10,795	1023	0	0	-66	-63	-59	
09:55:11,092	-55	1.74530831099196	-57	-62	-46	-49	-59	0	0	
09:55:11,405	0	0	-64	-68	27.61	
09:55:11,686	-53	1556.1995967742	0	0	-49	32.64	
09:55:12,045	1023	0	0	-65	-62	-59	
09:55:12,311	-55	1.75268817204301	-57	-62	-46	-49	-60	0	0	
09:55:12,623	0	0	-65	-68	27.61	
09:55:12,905	-53	1575.10080645161	0	0	-49	32.64	
09:55:13,295	0	0	0	0	-64	-59	
09:55:13,592	-56	1.76010781671159	-59	-60	-46	-49	-61	0	0	
09:55:13,920	0	0	-64	-68	27.61	
09:55:14,186	-53	1575.10080645161	0	0	-49	32.64	
09:55:14,514	0	0	0	-63	-66	-62	
09:55:14,795	-56	1.75268817204301	-58	-62	-47	-50	-73	0	0	
09:55:15,139	0	0	-64	-69	27.43	
09:55:15,420	-53	1587.70161290323	0	0	-49	32.82	
09:55:15,748	0	0	0	-66	-65	-58	
09:55:16,061	-55	1.75268817204301	-58	-62	-46	-49	-64	0	0	
09:55:16,389	0	0	-64	-66	27.61	
09:55:16,670	-53	1587.70161290323	0	0	-48	32.64	
09:55:17,014	0	0	0	-66	-64	-57	
09:55:17,311	-55	1.75268817204301	-57	-61	-46	-49	-63	0	0	
09:55:17,608	0	0	-64	-66	27.43	
09:55:17,889	-51	1537.29838709677	0	0	-49	32.64	
09:55:18,217	0	0	0	-66	-65	-57	
09:55:18,514	-55	1.74530831099196	-58	-61	-46	-49	-63	0	0	
09:55:18,827	0	0	-64	-68	27.43	
09:55:19,108	-52	1606.60282258065	0	0	0	32.64	
09:55:19,639	0	0	0	-65	-64	-57	
09:55:19,936	-56	1.75268817204301	-58	-61	-46	-49	-63	0	0	
09:55:20,264	0	0	-64	-67	27.61	
09:55:20,623	-53	1606.60282258065	0	0	-50	32.64	
09:55:21,264	0	0	0	-65	-66	-57	
09:55:21,561	-56	1.76010781671159	-58	-62	-46	-49	-63	0	0	
09:55:21,889	0	0	-69	-67	27.61	
09:55:22,202	-55	1600.30241935484	0	0	-49	32.82	
09:55:22,545	0	0	0	-66	-66	-57	
09:55:22,827	-56	1.75268817204301	-58	-61	-47	-49	-62	0	0	
09:55:23,155	0	0	-71	-62	27.61	
09:55:23,436	-53	1575.10080645161	0	0	-49	32.46	
09:55:23,780	0	0	0	-67	-65	-57	
09:55:24,092	-56	1.76010781671159	-57	-61	-46	-49	-62	0	0	
09:55:24,405	0	0	0	0	-1000	
09:55:25,623	-54	1543.59879032258	0	0	-48	32.46	
09:55:25,967	0	0	0	-66	-65	-57	
09:55:26,248	-56	1.75268817204301	-58	-62	-46	-49	-62	0	0	
09:55:26,561	0	0	0	0	-1000	
09:55:27,795	-53	1575.10080645161	0	0	-47	32.46	
09:55:28,139	0	0	0	-66	-65	-57	
09:55:28,420	-57	1.74530831099196	-58	-61	-46	-49	-61	0	0	
09:55:28,780	0	0	-68	0	-1000	
09:55:30,014	-53	1562.5	0	0	-48	32.82	
09:55:30,342	0	0	0	-66	-65	-57	
09:55:30,639	-56	1.76010781671159	-58	-61	-46	-49	-62	0	0	
09:55:30,952	0	0	-68	0	-1000	
09:55:32,186	-53	1568.80040322581	0	0	-48	32.46	
09:55:32,514	0	0	0	-66	-66	-57	
09:55:32,827	-56	1.75268817204301	-58	-61	-46	-49	-63	0	0	
09:55:33,108	0	0	-68	0	-1000	
09:55:34,358	-53	1562.5	0	0	-48	32.46	
09:55:34,670	0	0	0	-66	-65	-57	
09:55:34,983	-56	1.76010781671159	-58	-62	-46	-49	-63	0	0	
09:55:35,295	0	0	-68	0	-1000	
09:55:36,530	-53	1562.5	0	0	-49	32.64	
09:55:36,873	0	0	0	-64	-66	-57	
09:55:37,170	-56	1.75268817204301	-58	-62	-45	-49	-63	0	0	
09:55:37,498	0	0	0	0	32.64	
09:55:38,420	-53	1581.40120967742	0	0	-48	32.64	
09:55:38,764	0	0	0	-66	-65	-57	
09:55:39,077	-57	1.74530831099196	-57	-61	-46	-49	-62	0	0	
09:55:39,358	0	0	0	-74	29.58	
09:55:39,639	-54	1549.89919354839	0	0	-49	32.64	
09:55:39,983	0	0	0	-66	-66	-57	
09:55:40,280	-56	1.75268817204301	-58	-61	-46	-50	-62	0	0	
09:55:40,608	0	0	-64	-70	29.4	
09:55:40,905	-51	1581.40120967742	0	0	-49	32.64	
09:55:41,248	0	0	0	-66	-65	-57	
09:55:41,545	-56	1.75268817204301	-57	-61	-46	-49	-64	0	0	
09:55:41,873	0	0	-63	-69	29.4	
09:55:42,155	-50	1581.40120967742	0	0	-48	32.64	
09:55:42,498	0	0	0	-68	-66	-57	
09:55:42,795	-56	1.75268817204301	-58	-61	-46	-49	-63	0	0	
09:55:43,092	0	0	-65	-70	29.23	
09:55:43,373	-52	1587.70161290323	0	0	-49	32.82	
09:55:43,702	0	0	0	-68	-65	-57	
09:55:43,998	-56	1.75268817204301	-58	-61	-46	-49	-64	0	0	
09:55:44,327	0	0	-63	-70	29.05	
09:55:44,639	-53	1568.80040322581	0	0	-49	32.46	
09:55:44,983	0	0	0	0	-67	-59	
09:55:45,264	-56	1.74530831099196	-58	-61	-46	-49	-61	0	0	
09:55:45,592	0	0	-63	-70	28.87	
09:55:45,873	-52	1587.70161290323	0	0	-48	32.64	
09:55:46,217	0	0	0	-67	-66	-68	
09:55:46,530	-57	1.75268817204301	-57	-62	-46	-49	-68	0	0	
09:55:46,842	0	0	-65	-70	28.87	
09:55:47,170	-53	1575.10080645161	0	0	-49	32.82	
09:55:47,498	0	0	0	-64	-70	-57	
09:55:47,795	-51	1.76010781671159	-57	-60	-44	-48	-59	0	0	
09:55:48,092	0	0	-66	-70	28.69	
09:55:48,373	-53	1581.40120967742	0	0	-49	32.46	
09:55:48,717	0	0	0	-66	0	-56	
09:55:48,983	-52	1.75268817204301	-57	-59	-44	-48	-59	0	0	
09:55:49,295	0	0	-65	-69	28.87	
09:55:49,592	-53	1594.00201612903	0	0	-48	32.46	
09:55:49,936	0	0	0	-65	-72	-56	
09:55:50,233	-53	1.7379679144385	-57	-60	-44	-48	-60	0	0	
09:55:50,530	0	0	-64	-70	28.51	
09:55:50,811	-53	1568.80040322581	0	0	-49	32.46	
09:55:51,139	0	0	0	-64	-71	-56	
09:55:51,436	-55	1.74530831099196	-56	-62	-44	-48	-60	0	0	
09:55:51,748	0	0	-66	-69	28.69	
09:55:52,030	-53	1581.40120967742	0	0	-49	32.64	
09:55:52,373	0	0	0	-63	-71	-56	
09:55:52,655	-68	1.73066666666667	-55	-61	-44	-48	-59	0	0	
09:55:52,983	0	0	-64	-67	28.51	
09:55:53,280	-53	1587.70161290323	0	0	-48	32.46	
09:55:53,623	0	0	0	-64	-71	-54	
09:55:53,936	-67	1.70899470899471	-56	-61	-44	-48	-60	0	0	
09:55:54,248	0	0	-65	-69	28.15	
09:55:54,530	-53	1581.40120967742	0	0	-49	32.64	
09:55:54,905	0	0	0	-64	0	-56	
09:55:55,202	-64	1.66666666666667	-55	-61	-44	-47	-60	0	0	
09:55:55,498	0	0	-64	-67	28.33	
09:55:55,811	-53	1581.40120967742	0	0	-49	32.82	
09:55:56,139	0	0	0	-63	-71	-56	
09:55:56,436	-63	1.63239074550129	-55	-60	-44	-48	-61	0	0	
09:55:56,748	0	0	-65	-68	28.33	
09:55:57,030	-53	1587.70161290323	0	0	-49	32.64	
09:55:57,389	0	0	0	-67	0	-57	
09:55:57,686	-56	1.62564102564102	-60	-59	-45	-49	-61	0	0	
09:55:57,998	0	0	-64	-67	28.33	
09:55:58,264	-53	1594.00201612903	0	0	-48	32.46	
09:55:58,608	0	0	0	-63	-70	-74	
09:55:58,920	-54	1.60559796437659	-59	-59	-46	-50	-76	0	0	
09:55:59,248	0	0	-63	-69	28.33	
09:55:59,514	-53	1575.10080645161	0	0	-49	32.46	
09:55:59,858	0	0	0	-68	-73	-67	
09:56:00,186	-54	1.60559796437659	-57	-62	-46	-50	-76	0	0	
09:56:00,498	0	0	-65	-70	28.33	
09:56:00,811	-53	1594.00201612903	0	0	-48	32.46	
09:56:01,155	0	0	0	-67	-70	-70	
09:56:01,452	-54	1.5989847715736	-58	-59	-46	-49	0	0	0	
09:56:01,733	0	0	-64	-68	28.33	
09:56:02,014	-53	1568.80040322581	0	0	-49	32.64	
09:56:02,358	0	0	0	-67	0	0	
09:56:02,655	-54	1.5989847715736	-59	-59	-46	-49	0	0	0	
09:56:02,967	0	0	-64	-68	28.15	
09:56:03,248	-53	1568.80040322581	0	0	-49	32.46	
09:56:03,608	0	0	0	-68	0	0	
09:56:03,905	-54	1.59240506329114	-58	-59	-46	-49	0	0	0	
09:56:04,202	0	0	-64	-66	28.33	
09:56:04,483	-53	1581.40120967742	0	0	-48	32.64	
09:56:04,827	0	0	0	0	-69	0	
09:56:05,155	-54	1.5989847715736	-58	-60	-46	-50	0	0	0	
09:56:05,483	0	0	-64	-69	28.15	
09:56:05,764	-53	1581.40120967742	0	0	-49	32.64	
09:56:06,139	0	0	0	-69	-72	0	
09:56:06,436	-54	1.5989847715736	-58	-59	-46	-50	0	0	0	
09:56:06,733	0	0	-63	-67	28.33	
09:56:07,077	-53	1587.70161290323	0	0	-49	32.46	
09:56:07,420	0	0	0	-70	-70	0	
09:56:07,702	-54	1.57934508816121	-58	-60	-46	-50	0	0	0	
09:56:08,014	0	0	-64	-67	28.33	
09:56:08,295	-53	1575.10080645161	0	0	-49	32.46	
09:56:08,655	0	0	0	-66	-68	0	
09:56:08,920	-54	1.57286432160804	-58	-60	-46	-49	0	0	0	
09:56:09,233	0	0	-64	-66	28.33	
09:56:09,514	-53	1581.40120967742	0	0	-48	32.64	
09:56:09,873	0	0	0	-68	-70	0	
09:56:10,170	-54	1.5283950617284	-58	-59	-46	-49	0	0	0	
09:56:10,420	0	0	-63	-67	28.15	
09:56:10,717	-53	1562.5	0	0	-49	32.64	
09:56:11,030	0	0	0	-68	-70	-76	
09:56:11,342	-54	1.53465346534653	-59	-60	-46	-50	-74	0	0	
09:56:11,655	0	0	-64	-69	28.15	
09:56:11,920	-53	1568.80040322581	0	0	-49	32.82	
09:56:12,264	0	0	0	-67	-68	-74	
09:56:12,561	-54	1.5283950617284	-59	-60	-47	-50	-75	0	0	
09:56:12,858	0	0	-65	-69	28.15	
09:56:13,139	-53	1587.70161290323	0	0	-49	32.64	
09:56:13,498	0	0	0	-68	-69	-73	
09:56:13,858	-54	1.52216748768473	-59	-60	-46	-50	-74	0	0	
09:56:14,170	0	0	-65	-69	28.15	
09:56:14,452	-53	1581.40120967742	0	0	-49	32.46	
09:56:14,795	0	0	0	-68	-69	-74	
09:56:15,092	-54	1.5283950617284	-58	-60	-46	-50	-73	0	0	
09:56:15,405	0	0	-64	-66	28.15	
09:56:15,702	-53	1594.00201612903	0	0	-48	32.64	
09:56:16,045	0	0	0	-67	-68	0	
09:56:16,358	-53	1.53465346534653	-59	-60	-46	-50	0	0	0	
09:56:16,655	0	0	-64	-68	28.15	
09:56:16,936	-53	1587.70161290323	0	0	-49	32.64	
09:56:17,295	0	0	0	-67	-69	-70	
09:56:17,655	-54	1.5283950617284	-59	-60	-46	-50	0	0	0	
09:56:17,998	0	0	-64	-67	28.33	
09:56:18,280	-53	1587.70161290323	0	0	-48	32.64	
09:56:18,623	0	0	0	-66	-69	0	
09:56:18,920	-54	1.5283950617284	-58	-60	-46	-49	0	0	0	
09:56:19,186	0	0	-64	-68	28.33	
09:56:19,467	-53	1575.10080645161	0	0	-49	32.64	
09:56:19,795	0	0	0	-67	-68	0	
09:56:20,077	-54	1.52216748768473	-58	-60	-46	-50	0	0	0	
09:56:20,389	0	0	-65	-68	27.97	
09:56:20,655	-53	1581.40120967742	0	0	-49	32.82	
09:56:20,998	0	0	0	-66	-69	0	
09:56:21,280	-54	1.51597051597052	-58	-60	-46	-50	-73	0	0	
09:56:21,592	0	0	-64	-69	28.15	
09:56:21,873	-53	1575.10080645161	0	0	-49	32.46	
09:56:22,217	0	0	0	-67	-72	-70	
09:56:22,498	-54	1.50980392156863	-58	-60	-46	-49	0	0	0	
09:56:22,842	0	0	-64	-68	27.97	
09:56:23,155	-53	1568.80040322581	0	0	-49	32.64	
09:56:23,498	0	0	0	-66	-70	-71	
09:56:23,795	-54	1.50366748166259	-58	-60	-46	-50	-76	0	0	
09:56:24,123	0	0	-64	-68	27.97	
09:56:24,405	-53	1575.10080645161	0	0	-49	32.64	
09:56:24,733	0	0	0	-66	-70	-71	
09:56:25,045	-55	1.50980392156863	-60	-58	-46	-50	-76	0	0	
09:56:25,373	0	0	-65	-70	28.15	
09:56:25,655	-53	1587.70161290323	0	0	-49	32.46	
09:56:25,998	0	0	0	-64	-64	-57	
09:56:26,295	-55	1.50366748166259	-58	-61	-47	-50	-62	0	0	
09:56:26,639	0	0	-64	-68	27.97	
09:56:26,920	-52	1556.1995967742	0	0	-49	32.64	
09:56:27,248	0	0	0	-69	-64	-58	
09:56:27,561	-54	1.50366748166259	-58	-61	-46	-50	-65	0	0	
09:56:27,889	0	0	-64	-68	28.15	
09:56:28,202	-53	1587.70161290323	0	0	-49	32.64	
09:56:28,733	0	0	0	-70	-64	-57	
09:56:29,030	-54	1.47941888619855	-57	-61	-46	-49	-63	0	0	
09:56:29,358	0	0	-64	-66	27.97	
09:56:29,639	-54	1619.20362903226	0	0	-48	32.82	
09:56:29,983	0	0	0	-67	-65	-57	
09:56:30,280	-55	1.46746987951807	-57	-61	-46	-49	-63	0	0	
09:56:30,670	0	0	-64	-66	27.97	
09:56:30,952	-52	1562.5	0	0	-49	32.46	
09:56:31,452	0	0	0	-67	-63	-57	
09:56:31,748	-54	1.43809523809524	-57	-61	-46	-49	-63	0	0	
09:56:32,123	0	0	-64	-67	27.97	
09:56:32,405	-53	1568.80040322581	0	0	-49	32.64	
09:56:32,780	0	0	0	-65	-63	-57	
09:56:33,061	-55	1.43230403800475	-59	-60	-46	-49	-62	0	0	
09:56:33,389	0	0	-63	-66	27.97	
09:56:33,670	-53	1581.40120967742	0	0	-48	32.64	
09:56:34,014	0	0	0	-66	-67	-69	
09:56:34,311	-53	1.40941176470588	-57	-62	-46	-49	-67	0	0	
09:56:34,655	0	0	-64	-68	28.15	
09:56:34,967	-53	1581.40120967742	0	0	-49	32.82	
09:56:35,327	0	0	0	-66	-63	-59	
09:56:35,639	-55	1.42080378250591	-57	-61	-46	-49	-63	0	0	
09:56:35,952	0	0	-63	-67	27.97	
09:56:36,217	-53	1568.80040322581	0	0	-49	32.64	
09:56:36,545	0	0	0	-62	-68	-58	
09:56:36,858	-54	1.43230403800475	-57	-61	-46	-49	-66	0	0	
09:56:37,170	0	0	-64	-68	27.97	
09:56:37,436	-53	1562.5	0	0	-49	32.64	
09:56:37,780	1023	0	0	-62	0	-57	
09:56:38,077	-55	1.42080378250591	-58	-62	-46	-50	-60	0	0	
09:56:38,405	0	0	-64	-69	28.15	
09:56:38,686	-53	1581.40120967742	0	0	-49	32.64	
09:56:39,030	1023	0	0	-64	0	-57	
09:56:39,327	-55	1.42654028436019	-57	-61	-46	-50	-62	0	0	
09:56:39,639	0	0	-63	-66	27.79	
09:56:39,905	-53	1562.5	0	0	-48	32.64	
09:56:40,311	1023	0	0	-62	0	-58	
09:56:40,608	-54	1.42080378250591	-58	-61	-46	-49	-63	0	0	
09:56:40,920	0	0	-64	-67	27.97	
09:56:41,233	-53	1581.40120967742	0	0	-49	32.64	
09:56:41,623	1023	0	0	-61	0	-57	
09:56:41,920	-55	1.42080378250591	-58	-61	-45	-49	-63	0	0	
09:56:42,233	0	0	-64	-67	27.97	
09:56:42,514	-53	1581.40120967742	0	0	-48	32.82	
09:56:42,842	1023	0	0	-62	0	-58	
09:56:43,139	-55	1.43230403800475	-57	-62	-46	-49	-62	0	0	
09:56:43,452	0	0	-63	-67	27.79	
09:56:43,733	-53	1568.80040322581	0	0	-49	32.46	
09:56:44,061	1023	0	0	-62	0	-57	
09:56:44,358	-54	1.43809523809524	-58	-61	-46	-49	-63	0	0	
09:56:44,686	0	0	-64	-69	27.97	
09:56:44,952	-53	1575.10080645161	0	0	-49	32.82	
09:56:45,295	1023	0	0	-61	0	-57	
09:56:45,608	-55	1.44976076555024	-58	-62	-46	-49	-63	0	0	
09:56:45,920	0	0	-64	-69	27.97	
09:56:46,202	-53	1581.40120967742	0	0	-49	32.46	
09:56:46,545	1023	0	0	-62	0	-57	
09:56:46,858	-55	1.45563549160671	-58	-61	-45	-49	-63	0	0	
09:56:47,170	0	0	-63	-66	27.97	
09:56:47,436	-53	1581.40120967742	0	0	-48	32.64	
09:56:47,780	1023	0	0	-62	0	-57	
09:56:48,092	-54	1.44976076555024	-58	-61	-45	-49	-63	0	0	
09:56:48,405	0	0	-64	-69	28.15	
09:56:48,686	-53	1575.10080645161	0	0	-49	32.82	
09:56:49,045	1023	0	0	-62	0	-57	
09:56:49,358	-55	1.45563549160671	-57	-61	-45	-49	-62	0	0	
09:56:49,655	0	0	-64	-68	27.79	
09:56:49,920	-53	1568.80040322581	0	0	-49	32.64	
09:56:50,280	1023	0	0	-61	-73	-57	
09:56:50,577	-55	1.44391408114558	-57	-61	-45	-49	-63	0	0	
09:56:50,889	0	0	-63	-67	27.97	
09:56:51,155	-53	1575.10080645161	0	0	-48	32.64	
09:56:51,498	1023	0	0	-62	0	-57	
09:56:51,811	-54	1.43809523809524	-58	-61	-46	-49	-63	0	0	
09:56:52,139	0	0	-64	-68	27.79	
09:56:52,452	-53	1581.40120967742	0	0	-49	32.64	
09:56:52,795	1023	0	0	-62	0	-58	
09:56:53,139	-54	1.43809523809524	-58	-61	-46	-49	-63	0	0	
09:56:53,452	0	0	-64	-68	27.79	
09:56:53,717	-53	1575.10080645161	0	0	-49	32.82	
09:56:54,077	1023	0	0	-62	-70	-57	
09:56:54,389	-55	1.42080378250591	-58	-61	-46	-49	-63	0	0	
09:56:54,717	0	0	-63	-68	27.97	
09:56:54,998	-53	1575.10080645161	0	0	-49	32.82	
09:56:55,389	0	0	0	-69	-65	-57	
09:56:55,686	-54	1.4037558685446	-58	-61	-46	-50	-62	0	0	
09:56:56,014	0	0	-64	-66	27.97	
09:56:56,295	-53	1587.70161290323	0	0	-48	32.64	
09:56:56,702	0	0	0	-63	-65	-57	
09:56:56,983	-55	1.38139534883721	-58	-61	-46	-50	-63	0	0	
09:56:57,311	0	0	-64	-69	27.97	
09:56:57,592	-53	1568.80040322581	0	0	-49	32.82	
09:56:57,936	0	0	0	-66	-66	-57	
09:56:58,248	-55	1.364896073903	-57	-62	-46	-49	-62	0	0	
09:56:58,577	0	0	-64	-67	28.15	
09:56:58,842	-53	1575.10080645161	0	0	-48	32.64	
09:56:59,186	0	0	0	-66	-66	-57	
09:56:59,483	-55	1.364896073903	-57	-62	-46	-49	-62	0	0	
09:56:59,795	0	0	-64	-67	27.97	
09:57:00,077	-53	1568.80040322581	0	0	-49	32.46	
09:57:00,420	0	0	0	-66	-66	-57	
09:57:00,717	-54	1.34862385321101	-58	-62	-46	-49	-63	0	0	
09:57:01,061	0	0	-64	-69	27.79	
09:57:01,342	-53	1581.40120967742	0	0	-49	32.82	
09:57:01,733	0	0	0	-66	-66	-57	
09:57:02,030	-55	1.34324942791762	-57	-62	-45	-49	-62	0	0	
09:57:02,342	0	0	-64	-67	27.79	
09:57:02,623	-53	1575.10080645161	0	0	-49	32.64	
09:57:02,983	0	0	0	-64	-65	-57	
09:57:03,264	-55	1.31674208144796	-58	-62	-46	-49	-63	0	0	
09:57:03,592	0	0	-65	-69	27.97	
09:57:03,873	-53	1581.40120967742	0	0	-49	32.82	
09:57:04,233	0	0	0	-66	-66	-57	
09:57:04,514	-55	1.30112359550562	-57	-61	-46	-49	-63	0	0	
09:57:04,858	0	0	-64	-67	27.79	
09:57:05,170	-53	1575.10080645161	0	0	-49	32.82	
09:57:05,498	0	0	0	-65	-64	-57	
09:57:05,795	-55	1.29082774049217	-58	-61	-46	-49	-64	0	0	
09:57:06,123	0	0	-64	-69	27.97	
09:57:06,405	-53	1575.10080645161	0	0	-49	32.46	
09:57:06,748	0	0	0	-67	-66	-57	
09:57:07,045	-55	1.28062360801782	-57	-62	-46	-49	-62	0	0	
09:57:07,389	0	0	-64	-68	27.79	
09:57:07,655	-53	1562.5	0	0	-49	32.82	
09:57:07,983	0	0	0	-66	-66	-57	
09:57:08,342	-55	1.26548672566372	-57	-61	-46	-49	-63	0	0	
09:57:08,670	0	0	-64	-67	27.79	
09:57:08,936	-53	1575.10080645161	0	0	-48	32.64	
09:57:09,280	0	0	0	-66	-66	-57	
09:57:09,577	-55	1.23580786026201	-57	-61	-46	-49	-62	0	0	
09:57:09,905	0	0	-64	-67	27.79	
09:57:10,186	-53	1568.80040322581	0	0	-49	32.64	
09:57:10,514	0	0	0	-65	-66	-57	
09:57:10,811	-54	1.23093681917211	-58	-61	-46	-49	-63	0	0	
09:57:11,139	0	0	-64	-68	27.79	
09:57:11,420	-53	1568.80040322581	0	0	-49	32.64	
09:57:11,795	0	0	0	-67	-66	-57	
09:57:12,092	-55	1.22125813449024	-58	-61	-46	-49	-63	0	0	
09:57:12,420	0	0	-63	-66	27.79	
09:57:12,702	-53	1575.10080645161	0	0	-48	32.82	
09:57:13,077	0	0	0	-66	-65	-57	
09:57:13,373	-54	1.21166306695464	-58	-62	-46	-49	-63	0	0	
09:57:13,702	0	0	-64	-68	27.79	
09:57:13,983	-53	1575.10080645161	0	0	-49	32.82	
09:57:14,311	0	0	0	-65	-65	-57	
09:57:14,608	-55	1.20215053763441	-58	-62	-46	-49	-63	0	0	
09:57:14,936	0	0	-64	-69	27.79	
09:57:15,217	-53	1575.10080645161	0	0	-49	32.82	
09:57:15,561	0	0	0	-66	-66	-57	
09:57:15,858	-55	1.19742489270386	-58	-62	-46	-49	-63	0	0	
09:57:16,186	0	0	-64	-66	27.79	
09:57:16,452	-53	1575.10080645161	0	0	-48	32.64	
09:57:16,795	0	0	0	-66	-66	-57	
09:57:17,108	-55	1.17872340425532	-57	-61	-46	-49	-62	0	0	
09:57:17,420	0	0	-64	-67	27.97	
09:57:17,748	-53	1581.40120967742	0	0	-49	32.82	
09:57:18,092	0	0	0	-67	-66	-57	
09:57:18,373	-55	1.16949152542373	-58	-62	-46	-49	-62	0	0	
09:57:18,702	0	0	-64	-66	27.97	
09:57:18,983	-53	1581.40120967742	0	0	-48	32.64	
09:57:19,327	0	0	0	-66	-66	-57	
09:57:19,623	-55	1.15578947368421	-57	-61	-46	-49	-62	0	0	
09:57:19,936	0	0	-64	-68	27.97	
09:57:20,217	-53	1587.70161290323	0	0	-49	32.82	
09:57:20,577	0	0	0	-65	-65	-57	
09:57:20,858	-55	1.14225941422594	-58	-62	-46	-49	-63	0	0	
09:57:21,202	0	0	-64	-67	27.79	
09:57:21,483	-53	1581.40120967742	0	0	-48	32.64	
09:57:21,827	0	0	0	-65	-66	-57	
09:57:22,123	-55	1.13333333333333	-57	-61	-46	-49	-62	0	0	
09:57:22,452	0	0	-64	-68	27.79	
09:57:22,733	-53	1568.80040322581	0	0	-49	32.82	
09:57:23,061	0	0	0	-65	-66	-57	
09:57:23,358	-54	1.13333333333333	-58	-62	-46	-49	-63	0	0	
09:57:23,686	0	0	-64	-68	27.97	
09:57:23,983	-53	1575.10080645161	0	0	-49	32.82	
09:57:24,311	0	0	0	-65	-65	-57	
09:57:24,639	-55	1.12889812889813	-58	-62	-46	-49	-62	0	0	
09:57:24,967	0	0	-64	-67	27.97	
09:57:25,248	-53	1587.70161290323	0	0	-48	32.64	
09:57:25,592	0	0	0	-66	-66	-57	
09:57:25,889	-55	1.13333333333333	-58	-61	-46	-49	-62	0	0	
09:57:26,202	0	0	-64	-67	27.97	
09:57:26,467	-53	1568.80040322581	0	0	-49	32.64	
09:57:26,795	0	0	0	-65	-65	-57	
09:57:27,108	-54	1.14225941422594	-58	-62	-46	-49	-63	0	0	
09:57:27,436	0	0	-64	-68	27.97	
09:57:27,748	-53	1581.40120967742	0	0	-48	32.82	
09:57:28,092	0	0	0	-66	-66	-57	
09:57:28,389	-55	1.14225941422594	-58	-62	-46	-49	-63	0	0	
09:57:28,717	0	0	-64	-67	27.79	
09:57:29,030	-53	1562.5	0	0	-49	32.64	
09:57:29,373	0	0	0	-65	-65	-57	
09:57:29,655	-55	1.15578947368421	-58	-62	-46	-49	-63	0	0	
09:57:29,983	0	0	-64	-69	27.79	
09:57:30,264	-53	1581.40120967742	0	0	-49	32.64	
09:57:30,623	0	0	0	-66	-65	-57	
09:57:30,920	-55	1.17409766454352	-58	-61	-46	-49	-62	0	0	
09:57:31,248	0	0	-63	-67	27.97	
09:57:31,530	-53	1568.80040322581	0	0	-49	32.82	
09:57:31,858	0	0	0	-66	-65	-57	
09:57:32,155	-55	1.19271948608137	-58	-62	-46	-49	-63	0	0	
09:57:32,498	0	0	-65	-69	27.97	
09:57:32,780	-53	1581.40120967742	0	0	-49	33	
09:57:33,123	0	0	0	-66	-66	-57	
09:57:33,420	-55	1.19742489270386	-58	-61	-46	-49	-63	0	0	
09:57:33,748	0	0	-64	-67	27.79	
09:57:34,030	-53	1575.10080645161	0	0	-48	32.82	
09:57:34,373	0	0	0	-66	-65	-57	
09:57:34,686	-55	1.20689655172414	-57	-61	-46	-49	-62	0	0	
09:57:35,014	0	0	-64	-67	27.79	
09:57:35,280	-53	1562.5	0	0	-49	33	
09:57:35,608	0	0	0	-65	-65	-57	
09:57:35,952	-55	1.22125813449024	-58	-61	-46	-49	-62	0	0	
09:57:36,295	0	0	-64	-68	27.79	
09:57:36,592	-53	1562.5	0	0	-49	32.64	
09:57:36,920	0	0	0	-65	-65	-57	
09:57:37,233	-54	1.23093681917211	-58	-62	-46	-49	-63	0	0	
09:57:37,561	0	0	-64	-68	27.79	
09:57:37,827	-53	1562.5	0	0	-49	32.64	
09:57:38,170	0	0	0	-64	-64	-57	
09:57:38,452	-55	1.25054945054945	-58	-62	-46	-49	-63	0	0	
09:57:38,795	0	0	-64	-66	27.79	
09:57:39,092	-53	1587.70161290323	0	0	-48	32.82	
09:57:39,436	0	0	0	-67	-65	-57	
09:57:39,748	-55	1.25550660792952	-57	-61	-46	-49	-62	0	0	
09:57:40,123	0	0	-64	-69	27.97	
09:57:40,436	-53	1581.40120967742	0	0	-48	32.82	
09:57:40,858	0	0	0	-67	-65	-57	
09:57:41,139	-55	1.26548672566372	-58	-61	-46	-49	-63	0	0	
09:57:41,467	0	0	-64	-66	27.97	
09:57:41,748	-53	1581.40120967742	0	0	-48	32.82	
09:57:42,092	0	0	0	-66	-64	-57	
09:57:42,389	-55	1.26048565121413	-57	-61	-46	-49	-62	0	0	
09:57:42,717	0	0	-64	-68	27.97	
09:57:43,030	-53	1568.80040322581	0	0	-49	32.82	
09:57:43,373	0	0	0	-66	-64	-57	
09:57:43,655	-55	1.27050997782705	-58	-62	-46	-50	-63	0	0	
09:57:44,030	0	0	-64	-68	27.79	
09:57:44,311	-53	1568.80040322581	0	0	-49	32.82	
09:57:44,639	0	0	0	-66	-64	-57	
09:57:44,936	-55	1.26548672566372	-58	-62	-46	-49	-63	0	0	
09:57:45,295	0	0	-65	-69	27.79	
09:57:45,577	-53	1581.40120967742	0	0	-49	32.82	
09:57:45,936	0	0	0	-67	-65	-57	
09:57:46,233	-55	1.28062360801782	-58	-62	-46	-49	-62	0	0	
09:57:46,561	0	0	-64	-67	27.97	
09:57:46,842	-53	1581.40120967742	0	0	-48	32.82	
09:57:47,186	0	0	0	-67	-64	-57	
09:57:47,483	-55	1.27555555555556	-58	-62	-46	-49	-62	0	0	
09:57:47,811	0	0	-64	-68	27.79	
09:57:48,139	-53	1581.40120967742	0	0	-49	32.64	
09:57:48,467	0	0	0	-66	-64	-57	
09:57:48,780	-55	1.28571428571429	-58	-62	-46	-49	-62	0	0	
09:57:49,108	0	0	-65	-69	27.79	
09:57:49,389	-53	1587.70161290323	0	0	-49	32.64	
09:57:49,748	0	0	0	-66	-65	-57	
09:57:50,061	-55	1.28571428571429	-57	-61	-46	-49	-62	0	0	
09:57:50,389	0	0	-64	-68	27.79	
09:57:50,670	-53	1562.5	0	0	-49	32.82	
09:57:50,998	0	0	0	-66	-64	-57	
09:57:51,311	-54	1.28571428571429	-58	-62	-46	-49	-63	0	0	
09:57:51,639	0	0	-64	-68	27.79	
09:57:51,936	-53	1575.10080645161	0	0	-49	32.64	
09:57:52,280	0	0	0	-66	-65	-57	
09:57:52,592	-55	1.28571428571429	-58	-62	-46	-49	-62	0	0	
09:57:52,967	0	0	-64	-68	27.79	
09:57:53,248	-53	1562.5	0	0	-49	32.82	
09:57:53,577	0	0	0	-67	-64	-57	
09:57:53,905	-54	1.30112359550562	-57	-61	-47	-49	-62	0	0	
09:57:54,233	0	0	-64	-66	27.79	
09:57:54,514	-53	1581.40120967742	0	0	-48	32.82	
09:57:54,858	0	0	0	-69	-64	-57	
09:57:55,155	-55	1.29596412556054	-57	-61	-46	-49	-62	0	0	
09:57:55,483	0	0	-64	-67	27.79	
09:57:55,764	-53	1562.5	0	0	-49	32.82	
09:57:56,139	0	0	0	0	-64	-57	
09:57:56,436	-55	1.30630630630631	-58	-61	-46	-49	-62	0	0	
09:57:56,764	0	0	-64	-66	27.97	
09:57:57,092	-53	1568.80040322581	0	0	-49	32.46	
09:57:57,452	0	0	0	-67	-63	-57	
09:57:57,733	-55	1.30112359550562	-58	-62	-46	-49	-62	0	0	
09:57:58,061	0	0	-64	-68	27.97	
09:57:58,342	-53	1575.10080645161	0	0	-49	32.64	
09:57:58,686	0	0	0	0	-64	-57	
09:57:58,983	-54	1.30630630630631	-57	-61	-46	-49	-62	0	0	
09:57:59,311	0	0	-63	-67	27.97	
09:57:59,592	-53	1575.10080645161	0	0	-48	32.64	
09:57:59,936	0	0	0	-68	-64	-57	
09:58:00,233	-55	1.29596412556054	-57	-61	-46	-49	-62	0	0	
09:58:00,561	0	0	-63	-67	27.61	
09:58:00,858	-53	1575.10080645161	0	0	-49	32.64	
09:58:01,248	0	0	0	-69	-64	-57	
09:58:01,545	-55	1.28062360801782	-57	-61	-46	-49	-62	0	0	
09:58:01,873	0	0	-63	-66	27.79	
09:58:02,155	-53	1575.10080645161	0	0	-48	32.64	
09:58:02,498	0	0	0	-70	-64	-57	
09:58:02,795	-55	1.27555555555556	-57	-61	-46	-49	-62	0	0	
09:58:03,123	0	0	-63	-67	27.79	
09:58:03,405	-53	1575.10080645161	0	0	-49	32.64	
09:58:03,733	0	0	0	-68	-64	-57	
09:58:04,030	-54	1.25550660792952	-58	-61	-46	-49	-62	0	0	
09:58:04,358	0	0	-64	-68	27.79	
09:58:04,655	-53	1575.10080645161	0	0	-49	32.46	
09:58:04,983	0	0	0	-68	-64	-57	
09:58:05,280	-54	1.25550660792952	-58	-62	-46	-49	-62	0	0	
09:58:05,608	0	0	-64	-69	27.97	
09:58:05,920	-53	1575.10080645161	0	0	-48	32.64	
09:58:06,264	0	0	0	0	-64	-57	
09:58:06,545	-55	1.25054945054945	-57	-61	-46	-49	-62	0	0	
09:58:06,858	0	0	-63	-67	27.79	
09:58:07,139	-53	1562.5	0	0	-49	32.64	
09:58:07,467	0	0	0	-68	-63	-57	
09:58:07,780	-54	1.26048565121413	-58	-62	-47	-50	-63	0	0	
09:58:08,108	0	0	-64	-68	27.79	
09:58:08,389	-53	1568.80040322581	0	0	-49	32.82	
09:58:08,733	0	0	0	-68	-63	-57	
09:58:09,030	-55	1.25550660792952	-58	-62	-46	-49	-62	0	0	
09:58:09,405	0	0	-63	-67	27.79	
09:58:09,686	-53	1562.5	0	0	-49	32.64	
09:58:10,030	0	0	0	-69	-64	-57	
09:58:10,327	-54	1.26548672566372	-58	-62	-46	-50	-62	0	0	
09:58:10,655	0	0	-64	-68	27.79	
09:58:10,936	-53	1562.5	0	0	-49	32.46	
09:58:11,280	0	0	0	-70	-63	-57	
09:58:11,561	-55	1.27555555555556	-58	-61	-46	-49	-62	0	0	
09:58:11,889	0	0	-65	-69	27.79	
09:58:12,170	-53	1575.10080645161	0	0	-49	32.82	
09:58:12,514	0	0	0	0	-64	-57	
09:58:12,811	-54	1.28062360801782	-58	-61	-46	-49	-62	0	0	
09:58:13,123	0	0	-64	-66	27.79	
09:58:13,405	-53	1575.10080645161	0	0	-48	32.64	
09:58:13,764	0	0	0	-69	-63	-57	
09:58:14,061	-54	1.29082774049217	-58	-61	-46	-49	-62	0	0	
09:58:14,389	0	0	-64	-68	27.79	
09:58:14,670	-53	1568.80040322581	0	0	-49	32.64	
09:58:15,014	0	0	0	-68	-63	-57	
09:58:15,327	-55	1.28571428571429	-58	-61	-46	-49	-62	0	0	
09:58:15,655	0	0	-64	-67	27.79	
09:58:15,936	-53	1581.40120967742	0	0	-48	32.82	
09:58:16,280	0	0	0	0	-64	-57	
09:58:16,592	-54	1.29082774049217	-58	-62	-47	-49	-63	0	0	
09:58:16,920	0	0	-64	-68	27.79	
09:58:17,202	-53	1575.10080645161	0	0	-49	32.64	
09:58:17,545	0	0	0	-68	-63	-57	
09:58:17,842	-55	1.29082774049217	-58	-62	-46	-49	-62	0	0	
09:58:18,170	0	0	-65	-69	27.79	
09:58:18,452	-53	1575.10080645161	0	0	-49	32.64	
09:58:18,795	0	0	0	0	-64	-57	
09:58:19,108	-55	1.27555555555556	-58	-61	-46	-49	-62	0	0	
09:58:19,436	0	0	-64	-67	27.79	
09:58:19,717	-53	1562.5	0	0	-49	32.64	
